     1.000      0.000      1.000      0.000      0.000      1.000      0.000      1.000      0.000      1.000      0.000      1.000      3.000     -1.000      1.000 100001.000      1.102      0.373
     1.000      0.000      0.000      0.000      0.000      0.000      0.000      1.000      0.000      0.000      0.000      0.000      1.000     -1.000     -1.000 100002.000     -0.289      0.495
     1.000      0.000      0.000      1.000      1.000      1.000      1.000      1.000      1.000      1.000      1.000      1.000      1.000     -1.000     -1.000 100003.000      1.792      0.430
     1.000      0.000      0.000      0.000      0.000      0.000      0.000      0.000      0.000      0.000      1.000      0.000      2.000     -1.000     -1.000 100004.000     -0.130      0.464
     0.000      0.000      0.000      0.000      0.000      0.000      0.000      0.000      0.000      0.000      0.000      0.000     -1.000     -1.000     -1.000 100005.000     -1.761      0.802
     0.000      0.000      0.000      0.000      0.000      0.000      0.000      0.000      0.000      0.000      0.000      0.000      0.000     -1.000      1.000 100006.000     -1.413      0.742
     1.000      1.000      0.000      1.000      1.000      1.000      1.000      1.000      1.000      1.000      1.000      1.000      4.000     -1.000     -1.000 100007.000      2.524      0.578
     0.000      0.000      0.000      0.000      0.000      0.000      0.000      0.000      0.000      0.000      0.000      0.000     -1.000     -1.000     -1.000 100008.000     -1.744      0.781
     1.000      0.000      1.000      1.000      0.000      1.000      1.000      1.000      0.000      1.000      0.000      1.000      1.000     -1.000      1.000 100009.000      1.336      0.378
     0.000      1.000      0.000      1.000      1.000      1.000      0.000      1.000      1.000      1.000      0.000      1.000      0.000     -1.000     -1.000 100010.000      1.365      0.372
     0.000      1.000      1.000      1.000      0.000      0.000      1.000      0.000      1.000      1.000      0.000      0.000      1.000     -1.000     -1.000 100011.000      0.640      0.372
     0.000      0.000      0.000      0.000      0.000      0.000      0.000      0.000      0.000      0.000      0.000      0.000      0.000     -1.000      1.000 100012.000     -1.436      0.752
     1.000      0.000      0.000      0.000      0.000      0.000      1.000      0.000      0.000      0.000      0.000      0.000      0.000     -1.000     -1.000 100013.000     -0.780      0.598
     0.000      0.000      0.000      0.000      0.000      0.000      0.000      0.000      0.000      0.000      0.000      0.000     -2.000     -1.000     -1.000 100014.000     -2.087      0.828
     0.000      0.000      0.000      0.000      0.000      0.000      0.000      0.000      0.000      0.000      0.000      0.000      1.000     -1.000      1.000 100015.000     -1.155      0.702
     0.000      0.000      0.000      1.000      0.000      0.000      0.000      0.000      0.000      0.000      0.000      0.000     -2.000     -1.000      1.000 100016.000     -0.960      0.654
     1.000      0.000      0.000      0.000      0.000      0.000      0.000      0.000      0.000      0.000      0.000      0.000     -1.000     -1.000     -1.000 100017.000     -1.282      0.701
     0.000      0.000      0.000      0.000      0.000      1.000      1.000      0.000      1.000      0.000      0.000      0.000     -1.000     -1.000      1.000 100018.000     -0.132      0.476
     0.000      0.000      0.000      0.000      0.000      0.000      0.000      0.000      0.000      0.000      0.000      0.000      0.000     -1.000     -1.000 100019.000     -1.468      0.750
     0.000      0.000      0.000      0.000      0.000      0.000      0.000      1.000      0.000      0.000      0.000      0.000      1.000     -1.000     -1.000 100020.000     -0.526      0.565
     0.000      0.000      0.000      0.000      0.000      0.000      1.000      0.000      0.000      1.000      0.000      0.000      0.000     -1.000      1.000 100021.000     -0.485      0.573
     0.000      0.000      0.000      0.000      0.000      0.000      0.000      0.000      0.000      0.000      0.000      0.000      0.000     -1.000     -1.000 100022.000     -1.468      0.758
     0.000      0.000      0.000      0.000      0.000      0.000      1.000      0.000      1.000      0.000      0.000      0.000     -1.000     -1.000     -1.000 100023.000     -0.784      0.587
     0.000      0.000      0.000      0.000      0.000      0.000      0.000      0.000      0.000      1.000      1.000      0.000      0.000     -1.000     -1.000 100024.000     -0.213      0.489
     0.000      0.000      0.000      0.000      0.000      0.000      0.000      0.000      0.000      0.000      0.000      1.000      0.000     -1.000     -1.000 100025.000     -0.573      0.577
     0.000      0.000      0.000      0.000      0.000      0.000      0.000      1.000      0.000      0.000      0.000      0.000      0.000     -1.000      1.000 100026.000     -0.617      0.585
     0.000      0.000      0.000      0.000      0.000      0.000      1.000      0.000      1.000      1.000      0.000      0.000      1.000     -1.000     -1.000 100027.000     -0.102      0.456
     1.000      0.000      0.000      1.000      0.000      0.000      1.000      1.000      0.000      1.000      1.000      1.000      3.000     -1.000      1.000 100028.000      1.312      0.377
     1.000      1.000      0.000      1.000      0.000      0.000      1.000      1.000      0.000      1.000      1.000      0.000      1.000     -1.000     -1.000 100029.000      0.931      0.358
     1.000      0.000      0.000      0.000      0.000      0.000      1.000      0.000      0.000      0.000      0.000      0.000      0.000     -1.000     -1.000 100030.000     -0.781      0.615
     0.000      0.000      0.000      0.000      0.000      0.000      0.000      0.000      0.000      0.000      0.000      0.000      0.000     -1.000      1.000 100031.000     -1.426      0.759
     1.000      0.000      0.000      1.000      1.000      1.000      0.000      1.000      1.000      1.000      0.000      0.000      2.000     -1.000     -1.000 100032.000      1.126      0.360
     1.000      0.000      0.000      0.000      0.000      0.000      1.000      0.000      0.000      0.000      0.000      0.000      0.000     -1.000      1.000 100033.000     -0.721      0.624
     0.000      0.000      0.000      0.000      0.000      0.000      0.000      0.000      0.000      0.000      0.000      0.000     -2.000     -1.000     -1.000 100034.000     -2.088      0.825
     0.000      0.000      0.000      0.000      0.000      0.000      0.000      0.000      0.000      0.000      0.000      0.000      0.000     -1.000     -1.000 100035.000     -1.472      0.755
     0.000      0.000      0.000      0.000      0.000      0.000      0.000      0.000      0.000      0.000      0.000      0.000     -1.000     -1.000      1.000 100036.000     -1.718      0.799
     1.000      1.000      0.000      0.000      0.000      0.000      1.000      1.000      0.000      1.000      0.000      0.000      1.000     -1.000     -1.000 100037.000      0.399      0.391
     0.000      0.000      0.000      0.000      0.000      0.000      0.000      0.000      0.000      0.000      0.000      0.000     -2.000     -1.000      1.000 100038.000     -2.063      0.837
     0.000      0.000      0.000      0.000      0.000      0.000      1.000      1.000      0.000      0.000      0.000      0.000     -1.000     -1.000      1.000 100039.000     -0.537      0.584
     0.000      0.000      0.000      0.000      0.000      0.000      0.000      0.000      0.000      1.000      0.000      0.000      0.000     -1.000     -1.000 100040.000     -0.799      0.614
     0.000      0.000      0.000      0.000      1.000      0.000      1.000      1.000      0.000      0.000      0.000      1.000      1.000     -1.000     -1.000 100041.000      0.453      0.384
     0.000      0.000      0.000      0.000      0.000      0.000      0.000      1.000      1.000      0.000      1.000      0.000      2.000     -1.000      1.000 100042.000      0.378      0.413
     0.000      0.000      0.000      0.000      0.000      0.000      0.000      0.000      0.000      0.000      0.000      0.000      0.000     -1.000      1.000 100043.000     -1.422      0.754
     1.000      1.000      0.000      1.000      0.000      1.000      1.000      1.000      1.000      1.000      1.000      1.000      3.000     -1.000      1.000 100044.000      2.093      0.452
     0.000      1.000      1.000      0.000      0.000      0.000      1.000      0.000      0.000      0.000      0.000      0.000      3.000     -1.000      1.000 100045.000      0.149      0.448
     0.000      0.000      0.000      0.000      0.000      0.000      0.000      0.000      0.000      0.000      0.000      0.000      0.000     -1.000      1.000 100046.000     -1.427      0.746
     0.000      0.000      0.000      0.000      0.000      0.000      0.000      0.000      0.000      0.000      0.000      0.000     -1.000     -1.000     -1.000 100047.000     -1.760      0.790
     0.000      0.000      0.000      1.000      0.000      0.000      1.000      0.000      0.000      0.000      0.000      0.000      1.000     -1.000     -1.000 100048.000     -0.283      0.512
     1.000      1.000      0.000      1.000      1.000      0.000      0.000      1.000      1.000      1.000      1.000      1.000      1.000     -1.000     -1.000 100049.000      1.571      0.407
     0.000      0.000      0.000      0.000      0.000      0.000      0.000      0.000      0.000      0.000      0.000      0.000      0.000     -1.000     -1.000 100050.000     -1.445      0.730
     0.000      0.000      0.000      0.000      0.000      0.000      0.000      0.000      0.000      0.000      0.000      0.000     -1.000     -1.000     -1.000 100051.000     -1.754      0.790
     1.000      1.000      0.000      1.000      0.000      0.000      1.000      1.000      0.000      1.000      1.000      1.000      1.000     -1.000      1.000 100052.000      1.375      0.388
     1.000      0.000      1.000      0.000      0.000      1.000      1.000      1.000      1.000      1.000      1.000      1.000      2.000     -1.000      1.000 100053.000      1.609      0.397
     0.000      0.000      1.000      0.000      0.000      1.000      1.000      1.000      1.000      1.000      1.000      0.000      2.000     -1.000      1.000 100054.000      1.164      0.372
     0.000      0.000      1.000      0.000      0.000      0.000      0.000      1.000      1.000      0.000      0.000      0.000     -1.000     -1.000      1.000 100055.000     -0.072      0.476
     0.000      0.000      0.000      0.000      0.000      0.000      0.000      0.000      0.000      0.000      0.000      0.000     -2.000     -1.000      1.000 100056.000     -2.056      0.845
     0.000      0.000      0.000      0.000      0.000      0.000      0.000      0.000      0.000      0.000      0.000      0.000     -1.000     -1.000     -1.000 100057.000     -1.751      0.795
     1.000      0.000      0.000      0.000      0.000      0.000      0.000      0.000      1.000      0.000      0.000      0.000     -1.000     -1.000     -1.000 100058.000     -0.758      0.587
     0.000      1.000      0.000      0.000      0.000      0.000      1.000      1.000      0.000      0.000      1.000      0.000      0.000     -1.000     -1.000 100059.000      0.268      0.407
     0.000      0.000      0.000      0.000      0.000      0.000      0.000      0.000      0.000      0.000      0.000      0.000     -1.000     -1.000     -1.000 100060.000     -1.747      0.774
     1.000      0.000      1.000      1.000      0.000      1.000      1.000      1.000      1.000      1.000      1.000      1.000      2.000     -1.000      1.000 100061.000      1.942      0.430
     0.000      0.000      0.000      0.000      1.000      1.000      1.000      0.000      1.000      1.000      0.000      0.000      0.000     -1.000     -1.000 100062.000      0.482      0.385
     1.000      1.000      0.000      1.000      1.000      0.000      1.000      0.000      1.000      1.000      1.000      1.000      2.000     -1.000     -1.000 100063.000      1.477      0.390
     0.000      0.000      1.000      1.000      0.000      0.000      1.000      0.000      1.000      0.000      0.000      0.000      2.000     -1.000      1.000 100064.000      0.389      0.401
     1.000      0.000      0.000      0.000      1.000      0.000      1.000      0.000      0.000      0.000      1.000      0.000      2.000     -1.000     -1.000 100065.000      0.351      0.394
     0.000      0.000      0.000      0.000      0.000      0.000      1.000      0.000      0.000      0.000      0.000      0.000      1.000     -1.000     -1.000 100066.000     -0.897      0.631
     0.000      0.000      0.000      0.000      0.000      0.000      0.000      0.000      0.000      0.000      0.000      0.000      1.000     -1.000     -1.000 100067.000     -1.213      0.685
     0.000      0.000      0.000      0.000      0.000      0.000      0.000      0.000      0.000      0.000      0.000      0.000      1.000     -1.000     -1.000 100068.000     -1.195      0.669
     0.000      1.000      0.000      0.000      0.000      0.000      1.000      0.000      0.000      0.000      1.000      0.000      1.000     -1.000     -1.000 100069.000      0.040      0.429
     0.000      0.000      0.000      0.000      0.000      0.000      0.000      0.000      0.000      0.000      0.000      0.000     -1.000     -1.000     -1.000 100070.000     -1.754      0.776
     0.000      0.000      0.000      0.000      0.000      0.000      0.000      0.000      0.000      0.000      0.000      0.000      0.000     -1.000      1.000 100071.000     -1.422      0.750
     0.000      0.000      0.000      0.000      0.000      0.000      0.000      0.000      0.000      0.000      0.000      0.000      0.000     -1.000     -1.000 100072.000     -1.452      0.739
     0.000      0.000      0.000      0.000      0.000      0.000      1.000      0.000      0.000      0.000      0.000      0.000      0.000     -1.000     -1.000 100073.000     -1.098      0.660
     1.000      0.000      1.000      0.000      0.000      0.000      1.000      0.000      1.000      0.000      0.000      1.000      1.000     -1.000      1.000 100074.000      0.482      0.398
     0.000      0.000      0.000      1.000      0.000      1.000      0.000      0.000      0.000      0.000      0.000      1.000      1.000     -1.000      1.000 100075.000      0.470      0.405
     1.000      0.000      0.000      0.000      0.000      0.000      0.000      0.000      0.000      0.000      0.000      0.000      1.000     -1.000      1.000 100076.000     -0.796      0.626
     0.000      0.000      0.000      0.000      0.000      0.000      0.000      1.000      1.000      1.000      0.000      1.000      2.000     -1.000     -1.000 100077.000      0.535      0.380
     0.000      1.000      0.000      1.000      1.000      1.000      1.000      1.000      0.000      1.000      1.000      1.000      3.000     -1.000     -1.000 100078.000      1.867      0.449
     0.000      0.000      0.000      0.000      0.000      0.000      0.000      0.000      0.000      0.000      0.000      0.000     -2.000     -1.000     -1.000 100079.000     -2.077      0.825
     0.000      1.000      0.000      0.000      0.000      0.000      0.000      1.000      1.000      1.000      0.000      0.000      0.000     -1.000     -1.000 100080.000      0.271      0.404
     1.000      0.000      0.000      0.000      0.000      0.000      0.000      0.000      0.000      0.000      0.000      0.000      0.000     -1.000     -1.000 100081.000     -1.043      0.644
     0.000      0.000      0.000      0.000      0.000      0.000      1.000      0.000      1.000      0.000      0.000      0.000      0.000     -1.000     -1.000 100082.000     -0.630      0.562
     0.000      0.000      0.000      0.000      0.000      1.000      0.000      0.000      1.000      0.000      0.000      0.000      0.000     -1.000     -1.000 100083.000     -0.274      0.488
     0.000      0.000      0.000      0.000      0.000      0.000      1.000      0.000      0.000      0.000      0.000      0.000     -1.000     -1.000     -1.000 100084.000     -1.334      0.734
     0.000      1.000      0.000      0.000      0.000      0.000      0.000      0.000      0.000      0.000      0.000      0.000      1.000     -1.000     -1.000 100085.000     -0.647      0.578
     1.000      0.000      0.000      1.000      0.000      1.000      1.000      1.000      1.000      1.000      0.000      1.000      3.000     -1.000     -1.000 100086.000      1.329      0.374
     0.000      0.000      0.000      0.000      0.000      0.000      1.000      0.000      0.000      0.000      0.000      0.000      0.000     -1.000     -1.000 100087.000     -1.107      0.662
     0.000      0.000      0.000      1.000      0.000      0.000      0.000      0.000      0.000      0.000      0.000      0.000      1.000     -1.000      1.000 100088.000     -0.416      0.552
     0.000      0.000      0.000      0.000      0.000      0.000      1.000      0.000      0.000      0.000      0.000      0.000      0.000     -1.000     -1.000 100089.000     -1.114      0.677
     0.000      0.000      0.000      0.000      0.000      0.000      0.000      0.000      1.000      0.000      0.000      0.000     -2.000     -1.000      1.000 100090.000     -1.298      0.714
     0.000      0.000      0.000      0.000      0.000      0.000      0.000      0.000      0.000      0.000      0.000      0.000     -1.000     -1.000     -1.000 100091.000     -1.747      0.799
     0.000      0.000      0.000      0.000      0.000      0.000      0.000      0.000      0.000      0.000      0.000      0.000     -1.000     -1.000      1.000 100092.000     -1.723      0.796
     0.000      0.000      0.000      0.000      0.000      0.000      1.000      0.000      0.000      0.000      0.000      0.000     -2.000     -1.000     -1.000 100093.000     -1.612      0.764
     1.000      1.000      0.000      1.000      1.000      0.000      1.000      1.000      0.000      0.000      1.000      0.000      2.000     -1.000     -1.000 100094.000      1.051      0.359
     1.000      0.000      0.000      0.000      0.000      0.000      1.000      0.000      0.000      0.000      0.000      0.000      1.000     -1.000     -1.000 100095.000     -0.596      0.554
     0.000      0.000      0.000      0.000      0.000      0.000      0.000      0.000      0.000      0.000      0.000      0.000     -1.000     -1.000      1.000 100096.000     -1.721      0.804
     0.000      0.000      0.000      0.000      0.000      0.000      0.000      0.000      0.000      0.000      0.000      0.000     -1.000     -1.000     -1.000 100097.000     -1.758      0.795
     0.000      1.000      0.000      0.000      0.000      0.000      0.000      0.000      0.000      0.000      0.000      0.000      1.000     -1.000     -1.000 100098.000     -0.658      0.591
     1.000      0.000      0.000      1.000      0.000      0.000      0.000      0.000      0.000      0.000      0.000      0.000      2.000     -1.000     -1.000 100099.000     -0.142      0.477
     0.000      0.000      0.000      0.000      0.000      0.000      0.000      1.000      1.000      1.000      0.000      0.000      0.000     -1.000     -1.000 100100.000      0.017      0.452
     0.000      0.000      0.000      0.000      0.000      0.000      0.000      0.000      0.000      0.000      0.000      0.000      1.000     -1.000     -1.000 100101.000     -1.188      0.668
     0.000      0.000      0.000      0.000      0.000      0.000      0.000      0.000      0.000      0.000      0.000      0.000     -1.000     -1.000     -1.000 100102.000     -1.751      0.775
     0.000      0.000      0.000      0.000      0.000      0.000      0.000      0.000      0.000      0.000      0.000      0.000      0.000     -1.000      1.000 100103.000     -1.434      0.775
     1.000      0.000      0.000      0.000      0.000      0.000      0.000      0.000      0.000      0.000      0.000      0.000      0.000     -1.000     -1.000 100104.000     -1.050      0.651
     0.000      0.000      0.000      0.000      0.000      0.000      0.000      0.000      0.000      0.000      0.000      0.000     -1.000     -1.000     -1.000 100105.000     -1.753      0.780
     0.000      0.000      0.000      0.000      0.000      0.000      0.000      0.000      1.000      1.000      0.000      1.000      1.000     -1.000     -1.000 100106.000      0.178      0.421
     1.000      0.000      0.000      1.000      0.000      0.000      1.000      1.000      1.000      0.000      1.000      1.000      2.000     -1.000      1.000 100107.000      1.208      0.375
     0.000      0.000      0.000      0.000      0.000      0.000      0.000      0.000      0.000      0.000      0.000      0.000      0.000     -1.000     -1.000 100108.000     -1.451      0.738
     1.000      0.000      0.000      0.000      0.000      0.000      0.000      0.000      0.000      0.000      0.000      0.000     -1.000     -1.000     -1.000 100109.000     -1.291      0.696
     0.000      0.000      0.000      0.000      0.000      0.000      1.000      0.000      1.000      0.000      0.000      0.000     -1.000     -1.000     -1.000 100110.000     -0.802      0.622
     0.000      0.000      0.000      0.000      0.000      0.000      1.000      1.000      1.000      0.000      0.000      1.000      0.000     -1.000     -1.000 100111.000      0.275      0.398
     0.000      0.000      0.000      0.000      0.000      0.000      0.000      0.000      0.000      0.000      0.000      0.000     -2.000     -1.000      1.000 100112.000     -2.056      0.833
     0.000      0.000      0.000      0.000      0.000      0.000      0.000      0.000      0.000      0.000      0.000      0.000     -1.000     -1.000      1.000 100113.000     -1.718      0.783
     1.000      1.000      0.000      1.000      1.000      1.000      0.000      1.000      0.000      1.000      1.000      1.000      1.000     -1.000     -1.000 100114.000      1.695      0.423
     1.000      1.000      0.000      0.000      1.000      0.000      0.000      0.000      0.000      1.000      0.000      1.000     -1.000     -1.000     -1.000 100115.000      0.477      0.380
     1.000      0.000      1.000      0.000      0.000      0.000      1.000      1.000      1.000      0.000      1.000      0.000      1.000     -1.000      1.000 100116.000      0.726      0.379
     1.000      1.000      0.000      0.000      0.000      0.000      1.000      0.000      0.000      0.000      1.000      0.000      0.000     -1.000     -1.000 100117.000      0.100      0.427
     0.000      0.000      0.000      0.000      0.000      0.000      1.000      0.000      0.000      0.000      0.000      0.000     -1.000     -1.000      1.000 100118.000     -1.301      0.742
     0.000      0.000      0.000      1.000      0.000      1.000      0.000      1.000      0.000      0.000      0.000      0.000      1.000     -1.000     -1.000 100119.000      0.313      0.394
     0.000      0.000      1.000      1.000      0.000      1.000      1.000      1.000      1.000      1.000      0.000      0.000      3.000     -1.000      1.000 100120.000      1.227      0.376
     0.000      0.000      0.000      0.000      0.000      0.000      1.000      0.000      0.000      0.000      0.000      0.000     -1.000     -1.000     -1.000 100121.000     -1.340      0.702
     0.000      0.000      0.000      0.000      0.000      0.000      1.000      0.000      0.000      0.000      0.000      0.000      0.000     -1.000     -1.000 100122.000     -1.099      0.670
     0.000      0.000      0.000      0.000      0.000      0.000      0.000      0.000      0.000      0.000      0.000      0.000     -1.000     -1.000     -1.000 100123.000     -1.747      0.776
     1.000      0.000      0.000      0.000      0.000      0.000      0.000      0.000      0.000      0.000      0.000      0.000      0.000     -1.000     -1.000 100124.000     -1.052      0.645
     0.000      0.000      0.000      0.000      0.000      0.000      0.000      0.000      0.000      0.000      0.000      0.000     -1.000     -1.000      1.000 100125.000     -1.722      0.800
     0.000      1.000      0.000      1.000      0.000      0.000      0.000      1.000      0.000      0.000      0.000      0.000      0.000     -1.000     -1.000 100126.000      0.120      0.451
     0.000      0.000      0.000      1.000      0.000      1.000      0.000      1.000      1.000      0.000      1.000      1.000      2.000     -1.000      1.000 100127.000      1.268      0.376
     0.000      0.000      0.000      0.000      0.000      0.000      0.000      1.000      0.000      0.000      1.000      0.000     -1.000     -1.000     -1.000 100128.000     -0.258      0.507
     0.000      0.000      0.000      0.000      0.000      0.000      0.000      0.000      0.000      0.000      0.000      0.000      1.000     -1.000     -1.000 100129.000     -1.212      0.685
     1.000      0.000      0.000      1.000      1.000      1.000      1.000      0.000      0.000      0.000      1.000      0.000      0.000     -1.000      1.000 100130.000      0.882      0.373
     0.000      0.000      0.000      0.000      0.000      0.000      0.000      1.000      1.000      0.000      0.000      0.000      2.000     -1.000      1.000 100131.000      0.001      0.462
     0.000      1.000      0.000      1.000      1.000      0.000      1.000      1.000      1.000      1.000      1.000      1.000      2.000     -1.000     -1.000 100132.000      1.642      0.420
     0.000      0.000      0.000      0.000      0.000      0.000      1.000      0.000      0.000      1.000      0.000      0.000      1.000     -1.000      1.000 100133.000     -0.337      0.531
     0.000      1.000      0.000      0.000      0.000      0.000      0.000      0.000      0.000      0.000      0.000      0.000      0.000     -1.000     -1.000 100134.000     -0.821      0.599
     1.000      0.000      1.000      1.000      0.000      0.000      1.000      1.000      0.000      0.000      1.000      0.000      2.000     -1.000      1.000 100135.000      0.893      0.374
     0.000      1.000      0.000      1.000      0.000      1.000      1.000      1.000      0.000      0.000      1.000      0.000      0.000     -1.000     -1.000 100136.000      0.823      0.361
     0.000      0.000      0.000      0.000      0.000      0.000      0.000      1.000      0.000      0.000      0.000      0.000      0.000     -1.000     -1.000 100137.000     -0.684      0.575
     0.000      0.000      1.000      1.000      0.000      1.000      1.000      1.000      1.000      1.000      1.000      1.000      3.000     -1.000      1.000 100138.000      1.883      0.424
     1.000      1.000      0.000      1.000      1.000      1.000      1.000      1.000      0.000      1.000      1.000      0.000      2.000     -1.000     -1.000 100139.000      1.536      0.394
     1.000      0.000      0.000      0.000      0.000      0.000      0.000      0.000      0.000      0.000      0.000      0.000      0.000     -1.000     -1.000 100140.000     -1.056      0.634
     0.000      0.000      0.000      0.000      0.000      0.000      0.000      0.000      0.000      0.000      0.000      0.000      2.000     -1.000      1.000 100141.000     -0.943      0.658
     1.000      0.000      0.000      1.000      0.000      0.000      1.000      0.000      1.000      0.000      1.000      0.000      3.000     -1.000     -1.000 100142.000      0.609      0.369
     0.000      1.000      0.000      1.000      1.000      1.000      0.000      1.000      1.000      1.000      1.000      1.000      3.000     -1.000     -1.000 100143.000      1.970      0.466
     0.000      0.000      0.000      0.000      0.000      0.000      1.000      1.000      0.000      0.000      0.000      0.000      0.000     -1.000     -1.000 100144.000     -0.452      0.524
     0.000      1.000      0.000      0.000      0.000      0.000      1.000      0.000      0.000      0.000      0.000      1.000     -1.000     -1.000     -1.000 100145.000     -0.132      0.470
     0.000      0.000      0.000      0.000      0.000      0.000      1.000      0.000      1.000      0.000      1.000      0.000      0.000     -1.000      1.000 100146.000     -0.025      0.485
     0.000      0.000      0.000      0.000      0.000      0.000      1.000      0.000      0.000      0.000      0.000      0.000      2.000     -1.000     -1.000 100147.000     -0.711      0.585
     1.000      0.000      0.000      0.000      0.000      0.000      1.000      0.000      0.000      0.000      1.000      0.000      1.000     -1.000      1.000 100148.000      0.005      0.455
     1.000      0.000      0.000      0.000      0.000      0.000      0.000      0.000      0.000      0.000      0.000      0.000     -1.000     -1.000     -1.000 100149.000     -1.287      0.720
     0.000      0.000      0.000      0.000      0.000      0.000      1.000      0.000      0.000      0.000      0.000      0.000      2.000     -1.000     -1.000 100150.000     -0.709      0.594
     0.000      0.000      0.000      1.000      0.000      0.000      0.000      0.000      0.000      0.000      0.000      0.000      1.000     -1.000     -1.000 100151.000     -0.480      0.526
     0.000      0.000      0.000      0.000      0.000      0.000      0.000      0.000      0.000      0.000      0.000      0.000     -2.000     -1.000     -1.000 100152.000     -2.090      0.831
     0.000      0.000      1.000      0.000      0.000      0.000      0.000      0.000      0.000      0.000      0.000      0.000     -2.000     -1.000      1.000 100153.000     -1.328      0.741
     0.000      0.000      0.000      1.000      0.000      0.000      0.000      0.000      0.000      0.000      0.000      0.000      2.000     -1.000      1.000 100154.000     -0.263      0.504
     1.000      1.000      1.000      1.000      0.000      0.000      0.000      0.000      1.000      0.000      0.000      0.000      0.000     -1.000      1.000 100155.000      0.470      0.400
     1.000      1.000      0.000      1.000      0.000      1.000      0.000      1.000      0.000      0.000      1.000      1.000      3.000     -1.000      1.000 100156.000      1.487      0.390
     0.000      1.000      0.000      1.000      0.000      0.000      1.000      0.000      0.000      0.000      0.000      0.000      2.000     -1.000      1.000 100157.000      0.209      0.432
     1.000      0.000      0.000      0.000      0.000      0.000      0.000      0.000      0.000      0.000      1.000      0.000      2.000     -1.000     -1.000 100158.000     -0.134      0.472
     0.000      0.000      0.000      0.000      0.000      0.000      0.000      1.000      0.000      0.000      0.000      0.000      1.000     -1.000      1.000 100159.000     -0.460      0.558
     1.000      0.000      0.000      0.000      0.000      0.000      0.000      0.000      0.000      0.000      0.000      0.000      0.000     -1.000     -1.000 100160.000     -1.057      0.649
     0.000      1.000      0.000      0.000      0.000      0.000      0.000      0.000      0.000      0.000      0.000      0.000     -1.000     -1.000     -1.000 100161.000     -1.029      0.661
     1.000      0.000      0.000      0.000      0.000      0.000      0.000      0.000      0.000      0.000      0.000      0.000     -1.000     -1.000     -1.000 100162.000     -1.285      0.686
     0.000      0.000      0.000      0.000      0.000      0.000      0.000      0.000      0.000      0.000      0.000      0.000      0.000     -1.000      1.000 100163.000     -1.428      0.745
     1.000      0.000      1.000      0.000      0.000      0.000      1.000      1.000      1.000      1.000      0.000      0.000      2.000     -1.000      1.000 100164.000      0.726      0.378
     1.000      1.000      1.000      1.000      0.000      1.000      1.000      1.000      1.000      1.000      1.000      1.000      3.000     -1.000      1.000 100165.000      2.348      0.484
     1.000      1.000      0.000      1.000      1.000      1.000      1.000      1.000      1.000      0.000      1.000      1.000      4.000     -1.000     -1.000 100166.000      2.100      0.484
     1.000      1.000      1.000      1.000      1.000      1.000      0.000      0.000      0.000      1.000      0.000      0.000      1.000     -1.000     -1.000 100167.000      1.000      0.358
     0.000      0.000      0.000      0.000      0.000      0.000      0.000      0.000      0.000      0.000      0.000      0.000     -2.000     -1.000     -1.000 100168.000     -2.077      0.820
     0.000      0.000      0.000      0.000      0.000      0.000      0.000      0.000      0.000      0.000      0.000      0.000     -1.000     -1.000     -1.000 100169.000     -1.741      0.783
     0.000      0.000      0.000      0.000      0.000      0.000      0.000      0.000      0.000      0.000      0.000      0.000      0.000     -1.000     -1.000 100170.000     -1.462      0.755
     1.000      1.000      0.000      1.000      1.000      1.000      1.000      1.000      1.000      1.000      1.000      1.000      4.000     -1.000     -1.000 100171.000      2.516      0.579
     0.000      0.000      0.000      0.000      0.000      0.000      1.000      0.000      0.000      0.000      0.000      0.000      0.000     -1.000     -1.000 100172.000     -1.086      0.654
     0.000      0.000      0.000      0.000      0.000      0.000      0.000      0.000      0.000      0.000      0.000      0.000     -1.000     -1.000      1.000 100173.000     -1.722      0.793
     0.000      0.000      0.000      0.000      1.000      0.000      0.000      0.000      0.000      0.000      0.000      0.000      2.000     -1.000     -1.000 100174.000     -0.355      0.516
     0.000      0.000      0.000      0.000      0.000      0.000      1.000      0.000      0.000      0.000      0.000      0.000      0.000     -1.000     -1.000 100175.000     -1.099      0.657
     0.000      1.000      0.000      0.000      0.000      0.000      0.000      0.000      0.000      1.000      1.000      0.000      0.000     -1.000      1.000 100176.000      0.155      0.457
     0.000      0.000      0.000      0.000      0.000      0.000      0.000      0.000      0.000      0.000      0.000      0.000      1.000     -1.000     -1.000 100177.000     -1.199      0.696
     0.000      1.000      0.000      0.000      0.000      0.000      0.000      0.000      1.000      0.000      0.000      0.000      2.000     -1.000      1.000 100178.000     -0.098      0.492
     1.000      0.000      0.000      0.000      0.000      0.000      1.000      0.000      0.000      0.000      0.000      0.000      0.000     -1.000     -1.000 100179.000     -0.766      0.603
     1.000      0.000      0.000      0.000      0.000      0.000      0.000      0.000      0.000      0.000      0.000      0.000     -1.000     -1.000     -1.000 100180.000     -1.276      0.699
     0.000      0.000      0.000      0.000      0.000      0.000      0.000      0.000      0.000      0.000      0.000      0.000     -1.000     -1.000      1.000 100181.000     -1.727      0.792
     0.000      0.000      0.000      0.000      0.000      0.000      0.000      0.000      0.000      0.000      0.000      0.000     -1.000     -1.000     -1.000 100182.000     -1.760      0.775
     0.000      1.000      0.000      0.000      0.000      0.000      1.000      0.000      0.000      0.000      0.000      0.000     -2.000     -1.000     -1.000 100183.000     -0.926      0.629
     0.000      0.000      0.000      0.000      0.000      0.000      1.000      0.000      0.000      0.000      0.000      0.000      1.000     -1.000     -1.000 100184.000     -0.888      0.613
     1.000      0.000      1.000      1.000      1.000      1.000      1.000      1.000      1.000      1.000      1.000      1.000      2.000     -1.000      1.000 100185.000      2.352      0.480
     1.000      0.000      1.000      0.000      0.000      0.000      0.000      0.000      0.000      0.000      0.000      0.000     -1.000     -1.000     -1.000 100186.000     -0.789      0.585
     0.000      1.000      0.000      0.000      0.000      0.000      1.000      0.000      0.000      0.000      0.000      0.000      1.000     -1.000     -1.000 100187.000     -0.421      0.522
     0.000      0.000      0.000      0.000      0.000      0.000      0.000      0.000      0.000      0.000      0.000      0.000      1.000     -1.000      1.000 100188.000     -1.152      0.704
     0.000      0.000      0.000      0.000      0.000      0.000      0.000      0.000      0.000      0.000      0.000      0.000      2.000     -1.000     -1.000 100189.000     -0.999      0.657
     0.000      0.000      0.000      0.000      0.000      0.000      1.000      1.000      0.000      0.000      0.000      0.000      2.000     -1.000     -1.000 100190.000     -0.200      0.484
     1.000      0.000      0.000      0.000      0.000      0.000      1.000      0.000      0.000      0.000      0.000      0.000      1.000     -1.000     -1.000 100191.000     -0.585      0.553
     0.000      1.000      0.000      1.000      1.000      1.000      1.000      1.000      0.000      1.000      0.000      1.000      3.000     -1.000     -1.000 100192.000      1.515      0.393
     0.000      0.000      0.000      0.000      0.000      0.000      0.000      0.000      0.000      0.000      0.000      0.000      0.000     -1.000     -1.000 100193.000     -1.457      0.719
     1.000      1.000      0.000      0.000      0.000      1.000      1.000      0.000      1.000      1.000      1.000      1.000      0.000     -1.000     -1.000 100194.000      1.081      0.360
     0.000      0.000      0.000      1.000      0.000      0.000      1.000      0.000      0.000      0.000      0.000      0.000      1.000     -1.000     -1.000 100195.000     -0.279      0.490
     1.000      0.000      0.000      0.000      0.000      0.000      0.000      0.000      0.000      0.000      0.000      0.000      1.000     -1.000     -1.000 100196.000     -0.855      0.620
     0.000      0.000      0.000      1.000      0.000      1.000      0.000      0.000      0.000      0.000      0.000      0.000      2.000     -1.000      1.000 100197.000      0.175      0.438
     0.000      0.000      0.000      0.000      0.000      0.000      0.000      0.000      0.000      0.000      0.000      0.000      0.000     -1.000     -1.000 100198.000     -1.464      0.748
     1.000      1.000      0.000      1.000      1.000      0.000      0.000      1.000      0.000      0.000      0.000      0.000      1.000     -1.000     -1.000 100199.000      0.624      0.381
     0.000      0.000      0.000      0.000      0.000      0.000      0.000      0.000      0.000      0.000      0.000      0.000      0.000     -1.000     -1.000 100200.000     -1.462      0.733
     0.000      0.000      0.000      0.000      0.000      0.000      0.000      0.000      0.000      1.000      0.000      0.000     -1.000     -1.000     -1.000 100201.000     -0.995      0.646
     1.000      0.000      0.000      0.000      0.000      0.000      0.000      1.000      0.000      0.000      0.000      0.000      0.000     -1.000      1.000 100202.000     -0.362      0.540
     0.000      0.000      0.000      0.000      0.000      0.000      0.000      0.000      0.000      1.000      0.000      0.000      0.000     -1.000     -1.000 100203.000     -0.785      0.581
     0.000      1.000      0.000      1.000      0.000      0.000      0.000      0.000      1.000      1.000      0.000      0.000      0.000     -1.000     -1.000 100204.000      0.291      0.399
     1.000      0.000      1.000      1.000      0.000      1.000      1.000      1.000      1.000      1.000      1.000      0.000      3.000     -1.000      1.000 100205.000      1.651      0.403
     0.000      0.000      0.000      0.000      0.000      0.000      1.000      1.000      1.000      1.000      1.000      1.000      1.000     -1.000      1.000 100206.000      0.961      0.372
     0.000      0.000      0.000      0.000      0.000      0.000      0.000      0.000      0.000      0.000      0.000      0.000      0.000     -1.000     -1.000 100207.000     -1.460      0.719
     0.000      0.000      0.000      0.000      0.000      0.000      0.000      0.000      0.000      0.000      0.000      0.000     -1.000     -1.000     -1.000 100208.000     -1.747      0.783
     0.000      0.000      0.000      0.000      0.000      0.000      0.000      0.000      0.000      0.000      0.000      0.000     -1.000     -1.000      1.000 100209.000     -1.722      0.794
     0.000      0.000      0.000      0.000      0.000      0.000      0.000      0.000      0.000      0.000      0.000      0.000      1.000     -1.000      1.000 100210.000     -1.163      0.693
     0.000      0.000      0.000      0.000      0.000      0.000      0.000      0.000      1.000      0.000      0.000      0.000      2.000     -1.000     -1.000 100211.000     -0.526      0.537
     0.000      1.000      0.000      1.000      1.000      1.000      0.000      1.000      0.000      1.000      0.000      0.000      1.000     -1.000     -1.000 100212.000      0.975      0.357
     0.000      0.000      0.000      0.000      0.000      0.000      0.000      1.000      0.000      0.000      0.000      0.000     -1.000     -1.000      1.000 100213.000     -0.810      0.621
     1.000      0.000      0.000      0.000      0.000      0.000      1.000      1.000      0.000      0.000      0.000      0.000      2.000     -1.000      1.000 100214.000      0.065      0.456
     1.000      0.000      0.000      0.000      0.000      0.000      0.000      0.000      0.000      0.000      0.000      0.000      0.000     -1.000      1.000 100215.000     -1.011      0.674
     1.000      1.000      0.000      1.000      1.000      1.000      1.000      1.000      1.000      0.000      1.000      1.000      1.000     -1.000     -1.000 100216.000      1.778      0.431
     0.000      0.000      0.000      0.000      0.000      0.000      0.000      0.000      0.000      0.000      0.000      0.000      1.000     -1.000      1.000 100217.000     -1.162      0.679
     0.000      0.000      0.000      0.000      0.000      0.000      0.000      0.000      0.000      0.000      0.000      0.000     -3.000     -1.000      1.000 100218.000     -2.436      0.883
     0.000      1.000      0.000      0.000      0.000      0.000      0.000      0.000      0.000      0.000      0.000      0.000      0.000     -1.000     -1.000 100219.000     -0.829      0.614
     0.000      0.000      0.000      0.000      0.000      0.000      0.000      0.000      0.000      0.000      0.000      0.000      1.000     -1.000      1.000 100220.000     -1.165      0.700
     0.000      0.000      0.000      0.000      0.000      0.000      0.000      0.000      0.000      0.000      0.000      0.000      1.000     -1.000     -1.000 100221.000     -1.205      0.677
     0.000      0.000      0.000      0.000      0.000      0.000      0.000      0.000      0.000      1.000      0.000      0.000     -2.000     -1.000      1.000 100222.000     -1.178      0.696
     0.000      0.000      0.000      0.000      0.000      0.000      0.000      0.000      0.000      0.000      0.000      0.000     -1.000     -1.000      1.000 100223.000     -1.723      0.800
     0.000      0.000      0.000      0.000      0.000      0.000      1.000      0.000      0.000      0.000      0.000      0.000      0.000     -1.000      1.000 100224.000     -1.051      0.687
     1.000      0.000      0.000      0.000      0.000      0.000      0.000      0.000      0.000      0.000      0.000      0.000     -2.000     -1.000      1.000 100225.000     -1.525      0.754
     1.000      0.000      0.000      0.000      0.000      0.000      0.000      1.000      0.000      0.000      1.000      0.000      1.000     -1.000      1.000 100226.000      0.222      0.423
     1.000      1.000      0.000      0.000      0.000      0.000      0.000      0.000      0.000      0.000      0.000      0.000      1.000     -1.000     -1.000 100227.000     -0.401      0.533
     0.000      0.000      0.000      0.000      0.000      0.000      0.000      0.000      0.000      0.000      0.000      0.000     -2.000     -1.000      1.000 100228.000     -2.056      0.837
     0.000      1.000      0.000      0.000      0.000      1.000      0.000      1.000      0.000      1.000      0.000      0.000      0.000     -1.000     -1.000 100229.000      0.388      0.385
     0.000      0.000      0.000      0.000      0.000      0.000      0.000      0.000      0.000      0.000      0.000      0.000      0.000     -1.000     -1.000 100230.000     -1.460      0.740
     1.000      1.000      0.000      1.000      1.000      1.000      0.000      1.000      1.000      1.000      1.000      0.000      2.000     -1.000     -1.000 100231.000      1.616      0.408
     0.000      0.000      0.000      0.000      0.000      0.000      1.000      0.000      1.000      0.000      1.000      1.000      3.000     -1.000      1.000 100232.000      0.634      0.385
     0.000      0.000      0.000      0.000      0.000      0.000      1.000      0.000      0.000      0.000      0.000      0.000      1.000     -1.000      1.000 100233.000     -0.845      0.652
     0.000      0.000      0.000      0.000      0.000      0.000      0.000      0.000      0.000      0.000      0.000      0.000      0.000     -1.000     -1.000 100234.000     -1.458      0.728
     0.000      0.000      0.000      0.000      0.000      0.000      0.000      0.000      0.000      1.000      0.000      0.000     -2.000     -1.000     -1.000 100235.000     -1.226      0.694
     0.000      0.000      0.000      1.000      0.000      1.000      1.000      1.000      1.000      0.000      1.000      0.000      0.000     -1.000      1.000 100236.000      0.927      0.372
     1.000      0.000      0.000      0.000      0.000      0.000      0.000      0.000      0.000      0.000      0.000      0.000      1.000     -1.000     -1.000 100237.000     -0.842      0.614
     1.000      0.000      0.000      0.000      0.000      1.000      1.000      0.000      0.000      1.000      0.000      0.000      0.000     -1.000      1.000 100238.000      0.200      0.437
     0.000      1.000      0.000      0.000      0.000      0.000      0.000      0.000      0.000      0.000      0.000      0.000      1.000     -1.000     -1.000 100239.000     -0.643      0.565
     0.000      0.000      0.000      1.000      0.000      0.000      1.000      0.000      0.000      0.000      0.000      0.000      1.000     -1.000     -1.000 100240.000     -0.288      0.499
     0.000      0.000      0.000      0.000      0.000      0.000      0.000      0.000      0.000      0.000      0.000      0.000     -1.000     -1.000      1.000 100241.000     -1.715      0.798
     1.000      0.000      1.000      1.000      1.000      1.000      0.000      0.000      1.000      1.000      0.000      1.000      1.000     -1.000     -1.000 100242.000      1.265      0.367
     0.000      0.000      0.000      0.000      0.000      0.000      0.000      0.000      0.000      0.000      0.000      0.000      1.000     -1.000     -1.000 100243.000     -1.213      0.698
     0.000      0.000      0.000      0.000      0.000      0.000      0.000      0.000      0.000      0.000      0.000      0.000      0.000     -1.000     -1.000 100244.000     -1.457      0.716
     1.000      1.000      0.000      0.000      0.000      0.000      1.000      1.000      1.000      0.000      0.000      1.000      0.000     -1.000     -1.000 100245.000      0.605      0.370
     0.000      0.000      0.000      0.000      0.000      0.000      0.000      0.000      0.000      0.000      0.000      0.000      0.000     -1.000     -1.000 100246.000     -1.458      0.726
     1.000      1.000      0.000      1.000      0.000      1.000      1.000      1.000      1.000      1.000      1.000      1.000      1.000     -1.000     -1.000 100247.000      1.706      0.420
     0.000      0.000      0.000      0.000      0.000      0.000      0.000      0.000      0.000      0.000      0.000      0.000      0.000     -1.000      1.000 100248.000     -1.423      0.749
     1.000      0.000      0.000      0.000      1.000      0.000      0.000      0.000      0.000      0.000      1.000      0.000      2.000     -1.000     -1.000 100249.000      0.233      0.410
     0.000      0.000      0.000      0.000      0.000      0.000      0.000      1.000      0.000      0.000      0.000      0.000      1.000     -1.000     -1.000 100250.000     -0.518      0.540
     1.000      0.000      1.000      0.000      0.000      0.000      1.000      1.000      0.000      1.000      1.000      0.000      0.000      1.000      1.000 100251.000      0.545      0.389
     1.000      1.000      1.000      1.000      0.000      1.000      1.000      0.000      1.000      1.000      1.000      1.000      1.000      1.000     -1.000 100252.000      1.798      0.469
     0.000      0.000      1.000      0.000      0.000      0.000      0.000      0.000      0.000      0.000      0.000      0.000     -3.000      1.000      1.000 100253.000     -1.252      0.660
     0.000      0.000      1.000      0.000      0.000      0.000      1.000      0.000      0.000      0.000      0.000      0.000     -3.000      1.000      1.000 100254.000     -0.947      0.613
     1.000      0.000      1.000      1.000      1.000      0.000      0.000      0.000      1.000      0.000      1.000      0.000     -2.000      1.000     -1.000 100255.000      0.559      0.395
     0.000      1.000      1.000      1.000      0.000      0.000      0.000      0.000      1.000      0.000      0.000      1.000      1.000      1.000      1.000 100256.000      0.769      0.373
     1.000      0.000      1.000      0.000      0.000      0.000      1.000      0.000      0.000      1.000      0.000      1.000      0.000      1.000      1.000 100257.000      0.469      0.396
     0.000      1.000      1.000      0.000      1.000      1.000      0.000      0.000      1.000      1.000      0.000      0.000     -1.000      1.000     -1.000 100258.000      0.654      0.394
     0.000      0.000      1.000      0.000      0.000      0.000      0.000      0.000      1.000      0.000      0.000      0.000     -2.000      1.000      1.000 100259.000     -0.603      0.554
     1.000      1.000      1.000      1.000      1.000      0.000      1.000      1.000      1.000      1.000      1.000      1.000     -1.000      1.000      1.000 100260.000      1.787      0.452
     1.000      0.000      1.000      0.000      1.000      1.000      0.000      1.000      1.000      1.000      1.000      1.000     -1.000      1.000      1.000 100261.000      1.415      0.394
     0.000      1.000      0.000      0.000      0.000      0.000      0.000      0.000      0.000      1.000      0.000      0.000     -1.000      1.000      1.000 100262.000     -0.317      0.500
     1.000      0.000      1.000      0.000      0.000      0.000      0.000      1.000      1.000      0.000      0.000      0.000     -2.000      1.000      1.000 100263.000     -0.180      0.476
     1.000      0.000      1.000      0.000      0.000      0.000      0.000      0.000      1.000      1.000      1.000      1.000     -1.000      1.000      1.000 100264.000      0.764      0.374
     1.000      0.000      1.000      0.000      0.000      0.000      0.000      0.000      0.000      0.000      0.000      0.000     -1.000      1.000      1.000 100265.000     -0.567      0.544
     1.000      1.000      0.000      0.000      1.000      0.000      0.000      1.000      1.000      0.000      0.000      0.000     -1.000      1.000     -1.000 100266.000      0.144      0.422
     1.000      1.000      1.000      0.000      1.000      0.000      1.000      0.000      0.000      1.000      1.000      1.000      1.000      1.000     -1.000 100267.000      1.192      0.398
     0.000      0.000      1.000      1.000      0.000      0.000      0.000      1.000      1.000      1.000      1.000      0.000     -2.000      1.000      1.000 100268.000      0.635      0.382
     0.000      0.000      1.000      1.000      1.000      0.000      1.000      1.000      0.000      1.000      0.000      0.000      0.000      1.000      1.000 100269.000      0.696      0.375
     0.000      1.000      1.000      0.000      0.000      0.000      1.000      1.000      0.000      1.000      0.000      1.000     -1.000      1.000      1.000 100270.000      0.587      0.381
     0.000      0.000      0.000      0.000      0.000      0.000      1.000      1.000      0.000      0.000      0.000      0.000     -2.000      1.000      1.000 100271.000     -0.936      0.616
     0.000      0.000      0.000      0.000      0.000      0.000      0.000      0.000      0.000      0.000      0.000      0.000     -3.000      1.000     -1.000 100272.000     -1.891      0.714
     1.000      0.000      1.000      0.000      0.000      0.000      1.000      0.000      0.000      1.000      0.000      0.000     -1.000      1.000      1.000 100273.000     -0.011      0.457
     1.000      1.000      1.000      0.000      0.000      0.000      0.000      1.000      0.000      0.000      0.000      0.000     -2.000      1.000      1.000 100274.000     -0.160      0.501
     1.000      1.000      0.000      0.000      1.000      0.000      1.000      0.000      0.000      1.000      0.000      0.000     -2.000      1.000     -1.000 100275.000      0.102      0.433
     0.000      1.000      0.000      0.000      0.000      0.000      1.000      0.000      0.000      0.000      0.000      0.000      1.000      1.000     -1.000 100276.000     -0.465      0.489
     0.000      0.000      0.000      0.000      0.000      0.000      0.000      0.000      0.000      0.000      0.000      0.000     -2.000      1.000     -1.000 100277.000     -1.649      0.670
     1.000      1.000      1.000      1.000      1.000      1.000      1.000      0.000      1.000      1.000      1.000      0.000     -1.000      1.000      1.000 100278.000      1.617      0.418
     1.000      1.000      0.000      0.000      0.000      0.000      0.000      1.000      0.000      1.000      0.000      1.000     -1.000      1.000     -1.000 100279.000      0.236      0.416
     1.000      1.000      1.000      1.000      1.000      1.000      0.000      0.000      0.000      1.000      1.000      1.000      1.000      1.000      1.000 100280.000      1.849      0.456
     0.000      0.000      1.000      0.000      0.000      0.000      1.000      0.000      0.000      0.000      0.000      0.000      0.000      1.000      1.000 100281.000     -0.457      0.539
     1.000      0.000      1.000      0.000      0.000      0.000      0.000      0.000      1.000      0.000      0.000      0.000      0.000      1.000      1.000 100282.000     -0.118      0.480
     0.000      1.000      0.000      0.000      0.000      0.000      0.000      0.000      0.000      0.000      0.000      0.000     -1.000      1.000     -1.000 100283.000     -0.929      0.552
     1.000      1.000      0.000      1.000      0.000      0.000      1.000      0.000      0.000      0.000      0.000      0.000     -2.000      1.000      1.000 100284.000      0.027      0.447
     0.000      0.000      0.000      1.000      1.000      1.000      0.000      0.000      0.000      0.000      0.000      0.000     -1.000      1.000     -1.000 100285.000      0.095      0.429
     0.000      0.000      1.000      0.000      0.000      0.000      1.000      0.000      0.000      0.000      1.000      1.000     -3.000      1.000      1.000 100286.000      0.161      0.426
     1.000      1.000      0.000      0.000      0.000      0.000      0.000      1.000      1.000      0.000      0.000      0.000     -1.000      1.000     -1.000 100287.000     -0.228      0.462
     1.000      0.000      1.000      0.000      1.000      0.000      0.000      0.000      1.000      1.000      0.000      0.000     -2.000      1.000      1.000 100288.000      0.346      0.406
     1.000      1.000      1.000      1.000      0.000      1.000      0.000      1.000      1.000      1.000      0.000      1.000     -1.000      1.000      1.000 100289.000      1.332      0.389
     0.000      0.000      0.000      0.000      0.000      0.000      1.000      0.000      0.000      0.000      0.000      0.000      0.000      1.000      1.000 100290.000     -0.825      0.602
     1.000      1.000      1.000      0.000      1.000      0.000      0.000      1.000      0.000      0.000      1.000      1.000     -1.000      1.000      1.000 100291.000      0.940      0.371
     0.000      0.000      0.000      0.000      0.000      0.000      1.000      0.000      0.000      0.000      0.000      0.000     -2.000      1.000     -1.000 100292.000     -1.345      0.632
     0.000      0.000      0.000      0.000      0.000      0.000      1.000      0.000      1.000      0.000      0.000      0.000     -1.000      1.000      1.000 100293.000     -0.582      0.549
     0.000      1.000      0.000      1.000      0.000      0.000      0.000      1.000      0.000      0.000      0.000      0.000     -1.000      1.000     -1.000 100294.000     -0.261      0.463
     0.000      0.000      1.000      0.000      0.000      0.000      1.000      1.000      0.000      0.000      0.000      0.000     -2.000      1.000      1.000 100295.000     -0.540      0.533
     1.000      1.000      1.000      0.000      0.000      0.000      0.000      1.000      1.000      1.000      0.000      0.000     -2.000      1.000      1.000 100296.000      0.380      0.401
     1.000      0.000      0.000      0.000      0.000      0.000      0.000      1.000      0.000      1.000      0.000      0.000      1.000      1.000      1.000 100297.000     -0.051      0.458
     0.000      1.000      1.000      0.000      0.000      0.000      0.000      0.000      1.000      1.000      0.000      0.000     -1.000      1.000      1.000 100298.000      0.203      0.422
     1.000      1.000      1.000      1.000      1.000      0.000      1.000      0.000      0.000      0.000      1.000      0.000     -2.000      1.000      1.000 100299.000      0.842      0.371
     0.000      1.000      0.000      1.000      1.000      0.000      0.000      0.000      1.000      0.000      1.000      0.000      0.000      1.000     -1.000 100300.000      0.625      0.393
     0.000      0.000      1.000      0.000      1.000      0.000      1.000      0.000      0.000      0.000      0.000      0.000      0.000      1.000     -1.000 100301.000     -0.201      0.453
     0.000      0.000      1.000      0.000      0.000      0.000      0.000      0.000      0.000      0.000      0.000      0.000     -2.000      1.000      1.000 100302.000     -1.034      0.635
     0.000      1.000      0.000      0.000      1.000      0.000      0.000      0.000      0.000      0.000      0.000      0.000     -2.000      1.000     -1.000 100303.000     -0.551      0.512
     0.000      1.000      1.000      1.000      0.000      0.000      1.000      1.000      1.000      1.000      0.000      0.000     -3.000      1.000     -1.000 100304.000      0.415      0.402
     1.000      0.000      1.000      0.000      0.000      0.000      0.000      0.000      0.000      1.000      0.000      0.000     -2.000      1.000      1.000 100305.000     -0.298      0.514
     0.000      0.000      1.000      1.000      0.000      0.000      1.000      0.000      1.000      0.000      0.000      0.000     -1.000      1.000      1.000 100306.000      0.159      0.433
     0.000      0.000      1.000      0.000      0.000      0.000      0.000      0.000      0.000      1.000      1.000      0.000     -1.000      1.000      1.000 100307.000      0.074      0.444
     1.000      0.000      0.000      0.000      1.000      0.000      0.000      1.000      0.000      0.000      0.000      0.000     -1.000      1.000     -1.000 100308.000     -0.388      0.473
     0.000      1.000      1.000      1.000      1.000      1.000      0.000      1.000      0.000      0.000      1.000      0.000     -3.000      1.000      1.000 100309.000      0.926      0.369
     0.000      0.000      0.000      0.000      0.000      0.000      0.000      0.000      1.000      0.000      1.000      0.000     -2.000      1.000     -1.000 100310.000     -0.562      0.492
     1.000      1.000      1.000      1.000      0.000      0.000      0.000      0.000      0.000      0.000      0.000      0.000     -1.000      1.000      1.000 100311.000      0.209      0.426
     0.000      0.000      0.000      0.000      0.000      0.000      1.000      0.000      0.000      0.000      0.000      0.000      0.000      1.000     -1.000 100312.000     -0.990      0.574
     1.000      1.000      1.000      1.000      1.000      1.000      0.000      1.000      1.000      0.000      1.000      1.000      1.000      1.000     -1.000 100313.000      1.888      0.491
     0.000      0.000      0.000      0.000      0.000      0.000      1.000      1.000      0.000      0.000      0.000      0.000      0.000      1.000      1.000 100314.000     -0.600      0.563
     0.000      0.000      0.000      0.000      0.000      0.000      0.000      1.000      1.000      0.000      0.000      0.000     -4.000      1.000      1.000 100315.000     -1.142      0.657
     1.000      0.000      0.000      1.000      1.000      0.000      1.000      1.000      0.000      0.000      0.000      0.000     -1.000      1.000     -1.000 100316.000      0.147      0.424
     1.000      1.000      0.000      0.000      1.000      0.000      1.000      0.000      0.000      0.000      0.000      0.000     -1.000      1.000     -1.000 100317.000     -0.085      0.448
     0.000      0.000      1.000      1.000      0.000      0.000      1.000      0.000      0.000      0.000      0.000      0.000     -2.000      1.000     -1.000 100318.000     -0.421      0.489
     0.000      0.000      0.000      0.000      0.000      0.000      0.000      0.000      0.000      0.000      0.000      0.000      0.000      1.000     -1.000 100319.000     -1.233      0.591
     1.000      1.000      1.000      1.000      1.000      1.000      1.000      0.000      1.000      1.000      1.000      1.000      0.000      1.000     -1.000 100320.000      2.168      0.553
     1.000      0.000      0.000      0.000      0.000      0.000      0.000      0.000      0.000      0.000      0.000      0.000     -1.000      1.000      1.000 100321.000     -0.970      0.622
     1.000      1.000      1.000      0.000      0.000      0.000      1.000      1.000      0.000      0.000      0.000      1.000     -3.000      1.000      1.000 100322.000      0.329      0.409
     0.000      0.000      1.000      0.000      0.000      0.000      0.000      0.000      1.000      0.000      0.000      0.000     -2.000      1.000      1.000 100323.000     -0.596      0.563
     1.000      1.000      1.000      1.000      1.000      1.000      0.000      1.000      0.000      1.000      1.000      0.000      2.000      1.000     -1.000 100324.000      1.575      0.433
     0.000      1.000      1.000      0.000      0.000      1.000      1.000      0.000      0.000      1.000      1.000      1.000      1.000      1.000      1.000 100325.000      1.187      0.379
     0.000      1.000      0.000      0.000      0.000      1.000      0.000      1.000      0.000      0.000      1.000      0.000     -2.000      1.000      1.000 100326.000      0.251      0.416
     0.000      0.000      0.000      0.000      0.000      0.000      1.000      0.000      0.000      0.000      0.000      0.000     -2.000      1.000      1.000 100327.000     -1.226      0.651
     0.000      0.000      1.000      0.000      0.000      0.000      0.000      0.000      0.000      0.000      0.000      0.000      1.000      1.000      1.000 100328.000     -0.514      0.536
     0.000      0.000      1.000      0.000      0.000      0.000      1.000      0.000      1.000      0.000      0.000      0.000     -2.000      1.000      1.000 100329.000     -0.382      0.512
     0.000      0.000      0.000      0.000      0.000      0.000      0.000      0.000      0.000      0.000      0.000      0.000     -1.000      1.000     -1.000 100330.000     -1.431      0.645
     0.000      0.000      1.000      0.000      1.000      0.000      0.000      1.000      1.000      0.000      0.000      0.000     -1.000      1.000      1.000 100331.000      0.152      0.428
     1.000      1.000      0.000      1.000      1.000      0.000      1.000      1.000      1.000      1.000      1.000      1.000     -1.000      1.000     -1.000 100332.000      1.484      0.427
     0.000      1.000      1.000      1.000      1.000      1.000      0.000      1.000      1.000      1.000      1.000      1.000      0.000      1.000     -1.000 100333.000      1.928      0.499
     0.000      1.000      0.000      0.000      1.000      0.000      1.000      0.000      1.000      0.000      0.000      0.000     -2.000      1.000      1.000 100334.000      0.107      0.432
     1.000      1.000      0.000      0.000      0.000      0.000      0.000      0.000      0.000      1.000      0.000      0.000     -2.000      1.000     -1.000 100335.000     -0.441      0.484
     0.000      1.000      0.000      0.000      1.000      0.000      1.000      0.000      0.000      0.000      0.000      1.000      0.000      1.000     -1.000 100336.000      0.257      0.417
     1.000      0.000      0.000      0.000      1.000      0.000      1.000      1.000      1.000      1.000      0.000      0.000     -1.000      1.000     -1.000 100337.000      0.287      0.412
     0.000      1.000      0.000      0.000      1.000      1.000      1.000      0.000      0.000      0.000      0.000      0.000     -2.000      1.000     -1.000 100338.000      0.042      0.427
     0.000      0.000      1.000      0.000      0.000      0.000      1.000      0.000      0.000      0.000      0.000      0.000     -2.000      1.000      1.000 100339.000     -0.766      0.590
     1.000      1.000      1.000      0.000      0.000      0.000      0.000      1.000      1.000      0.000      1.000      0.000      0.000      1.000      1.000 100340.000      0.602      0.398
     0.000      0.000      1.000      1.000      1.000      0.000      1.000      1.000      0.000      1.000      1.000      1.000     -2.000      1.000      1.000 100341.000      1.137      0.375
     1.000      1.000      0.000      0.000      1.000      0.000      1.000      0.000      0.000      0.000      0.000      0.000     -1.000      1.000     -1.000 100342.000     -0.083      0.439
     0.000      0.000      1.000      0.000      1.000      1.000      1.000      1.000      1.000      0.000      1.000      0.000     -1.000      1.000      1.000 100343.000      0.878      0.370
     1.000      1.000      0.000      1.000      1.000      1.000      1.000      0.000      0.000      0.000      0.000      0.000      1.000      1.000     -1.000 100344.000      0.748      0.389
     1.000      0.000      1.000      0.000      0.000      0.000      0.000      0.000      0.000      0.000      0.000      0.000     -1.000      1.000      1.000 100345.000     -0.567      0.544
     1.000      1.000      0.000      1.000      1.000      0.000      0.000      0.000      0.000      0.000      0.000      1.000      0.000      1.000     -1.000 100346.000      0.590      0.395
     0.000      0.000      0.000      0.000      0.000      0.000      0.000      0.000      0.000      0.000      0.000      0.000      0.000      1.000      1.000 100347.000     -1.110      0.645
     1.000      1.000      1.000      1.000      1.000      0.000      1.000      1.000      0.000      0.000      0.000      1.000     -1.000      1.000      1.000 100348.000      1.034      0.372
     0.000      1.000      1.000      0.000      1.000      0.000      0.000      1.000      1.000      1.000      1.000      1.000     -3.000      1.000     -1.000 100349.000      0.942      0.389
     0.000      0.000      1.000      1.000      0.000      0.000      1.000      0.000      1.000      0.000      1.000      0.000     -1.000      1.000      1.000 100350.000      0.496      0.391
     0.000      1.000      0.000      0.000      1.000      0.000      1.000      0.000      1.000      0.000      0.000      1.000     -2.000      1.000     -1.000 100351.000      0.301      0.411
     0.000      1.000      1.000      0.000      1.000      0.000      0.000      0.000      1.000      0.000      1.000      1.000     -2.000      1.000      1.000 100352.000      0.834      0.371
     1.000      1.000      1.000      1.000      0.000      1.000      1.000      0.000      1.000      1.000      0.000      1.000     -2.000      1.000      1.000 100353.000      1.260      0.379
     1.000      0.000      1.000      1.000      1.000      1.000      0.000      1.000      1.000      1.000      0.000      0.000     -2.000      1.000      1.000 100354.000      1.020      0.372
     1.000      0.000      1.000      0.000      0.000      0.000      0.000      0.000      0.000      1.000      0.000      0.000     -2.000      1.000      1.000 100355.000     -0.302      0.504
     1.000      0.000      0.000      0.000      0.000      0.000      0.000      0.000      0.000      0.000      0.000      0.000     -3.000      1.000      1.000 100356.000     -1.406      0.683
     1.000      1.000      1.000      0.000      0.000      1.000      1.000      1.000      0.000      0.000      0.000      0.000     -2.000      1.000      1.000 100357.000      0.375      0.402
     1.000      0.000      1.000      1.000      0.000      0.000      1.000      1.000      0.000      0.000      0.000      0.000     -1.000      1.000      1.000 100358.000      0.213      0.431
     0.000      0.000      1.000      0.000      1.000      1.000      1.000      1.000      1.000      0.000      0.000      0.000      0.000      1.000      1.000 100359.000      0.669      0.378
     0.000      0.000      1.000      0.000      0.000      0.000      0.000      0.000      0.000      0.000      0.000      0.000     -3.000      1.000      1.000 100360.000     -1.252      0.656
     1.000      1.000      0.000      0.000      0.000      0.000      0.000      0.000      0.000      0.000      0.000      0.000      0.000      1.000      1.000 100361.000     -0.358      0.519
     1.000      0.000      0.000      0.000      0.000      0.000      1.000      0.000      1.000      0.000      0.000      0.000     -3.000      1.000      1.000 100362.000     -0.627      0.554
     1.000      0.000      1.000      0.000      0.000      0.000      0.000      1.000      0.000      0.000      0.000      0.000      1.000      1.000      1.000 100363.000     -0.125      0.471
     0.000      1.000      1.000      0.000      0.000      0.000      0.000      0.000      0.000      0.000      0.000      0.000      0.000      1.000      1.000 100364.000     -0.275      0.501
     1.000      0.000      1.000      0.000      1.000      0.000      1.000      1.000      0.000      0.000      0.000      0.000     -1.000      1.000      1.000 100365.000      0.207      0.419
     0.000      0.000      1.000      0.000      0.000      0.000      1.000      0.000      0.000      1.000      0.000      0.000     -2.000      1.000      1.000 100366.000     -0.324      0.505
     1.000      1.000      1.000      1.000      1.000      0.000      1.000      0.000      1.000      1.000      1.000      1.000     -1.000      1.000     -1.000 100367.000      1.574      0.441
     1.000      1.000      1.000      0.000      0.000      0.000      1.000      1.000      1.000      0.000      0.000      0.000      0.000      1.000      1.000 100368.000      0.418      0.403
     0.000      0.000      1.000      0.000      0.000      0.000      0.000      1.000      0.000      0.000      0.000      0.000      0.000      1.000      1.000 100369.000     -0.458      0.522
     0.000      0.000      1.000      0.000      0.000      0.000      0.000      0.000      1.000      0.000      0.000      0.000     -3.000      1.000      1.000 100370.000     -0.758      0.586
     1.000      0.000      0.000      0.000      1.000      0.000      0.000      1.000      0.000      0.000      0.000      0.000     -3.000      1.000      1.000 100371.000     -0.443      0.524
     0.000      0.000      0.000      0.000      0.000      0.000      0.000      1.000      0.000      0.000      0.000      0.000     -3.000      1.000     -1.000 100372.000     -1.562      0.643
     0.000      0.000      1.000      0.000      1.000      0.000      0.000      0.000      0.000      0.000      0.000      0.000      0.000      1.000      1.000 100373.000     -0.150      0.488
     1.000      1.000      1.000      1.000      1.000      1.000      1.000      1.000      0.000      1.000      0.000      1.000     -2.000      1.000      1.000 100374.000      1.482      0.421
     1.000      1.000      1.000      1.000      1.000      1.000      0.000      0.000      1.000      1.000      1.000      1.000     -2.000      1.000      1.000 100375.000      1.801      0.457
     0.000      0.000      1.000      0.000      1.000      0.000      1.000      1.000      1.000      0.000      0.000      0.000     -1.000      1.000      1.000 100376.000      0.284      0.408
     1.000      1.000      1.000      1.000      0.000      1.000      1.000      0.000      0.000      0.000      0.000      1.000      0.000      1.000      1.000 100377.000      1.017      0.372
     1.000      1.000      1.000      1.000      1.000      1.000      1.000      1.000      1.000      1.000      0.000      1.000      1.000      1.000     -1.000 100378.000      1.954      0.502
     0.000      0.000      0.000      0.000      0.000      0.000      0.000      0.000      0.000      1.000      0.000      0.000     -1.000      1.000      1.000 100379.000     -0.739      0.582
     0.000      0.000      1.000      1.000      0.000      0.000      1.000      0.000      1.000      1.000      1.000      0.000     -2.000      1.000      1.000 100380.000      0.642      0.380
     0.000      1.000      1.000      0.000      1.000      0.000      1.000      1.000      0.000      0.000      0.000      0.000     -2.000      1.000     -1.000 100381.000      0.022      0.431
     0.000      1.000      0.000      0.000      0.000      0.000      1.000      0.000      0.000      0.000      0.000      0.000     -2.000      1.000     -1.000 100382.000     -0.864      0.552
     0.000      0.000      1.000      0.000      0.000      0.000      0.000      0.000      1.000      0.000      0.000      0.000      0.000      1.000      1.000 100383.000     -0.324      0.516
     0.000      0.000      1.000      0.000      0.000      0.000      0.000      1.000      1.000      0.000      0.000      1.000     -2.000      1.000      1.000 100384.000      0.104      0.435
     1.000      0.000      1.000      0.000      0.000      0.000      0.000      1.000      0.000      0.000      0.000      0.000     -2.000      1.000      1.000 100385.000     -0.511      0.529
     0.000      1.000      1.000      0.000      1.000      0.000      1.000      0.000      0.000      1.000      1.000      0.000     -3.000      1.000      1.000 100386.000      0.585      0.388
     0.000      0.000      1.000      0.000      0.000      0.000      0.000      0.000      0.000      0.000      0.000      0.000     -2.000      1.000      1.000 100387.000     -1.042      0.630
     1.000      0.000      1.000      1.000      1.000      1.000      1.000      0.000      1.000      0.000      1.000      1.000      0.000      1.000     -1.000 100388.000      1.498      0.426
     0.000      0.000      1.000      1.000      1.000      0.000      0.000      0.000      1.000      0.000      0.000      0.000     -1.000      1.000      1.000 100389.000      0.366      0.403
     0.000      1.000      1.000      1.000      1.000      1.000      0.000      1.000      1.000      1.000      1.000      1.000      0.000      1.000      1.000 100390.000      1.997      0.498
     0.000      0.000      0.000      0.000      0.000      0.000      1.000      0.000      0.000      0.000      0.000      0.000     -3.000      1.000      1.000 100391.000     -1.459      0.697
     1.000      0.000      1.000      0.000      0.000      0.000      1.000      1.000      0.000      0.000      0.000      0.000     -2.000      1.000      1.000 100392.000     -0.305      0.495
     0.000      1.000      1.000      0.000      0.000      1.000      0.000      1.000      0.000      0.000      0.000      0.000      0.000      1.000     -1.000 100393.000      0.085      0.426
     0.000      1.000      0.000      0.000      1.000      0.000      0.000      0.000      1.000      0.000      0.000      0.000     -2.000      1.000     -1.000 100394.000     -0.256      0.465
     0.000      0.000      1.000      1.000      0.000      0.000      0.000      0.000      0.000      0.000      0.000      0.000     -2.000      1.000      1.000 100395.000     -0.403      0.529
     0.000      0.000      0.000      0.000      0.000      1.000      0.000      0.000      0.000      0.000      0.000      0.000     -2.000      1.000      1.000 100396.000     -0.742      0.574
     0.000      0.000      1.000      0.000      0.000      0.000      0.000      1.000      0.000      0.000      0.000      0.000      0.000      1.000      1.000 100397.000     -0.461      0.519
     1.000      0.000      0.000      0.000      0.000      0.000      0.000      0.000      1.000      0.000      0.000      0.000     -2.000      1.000     -1.000 100398.000     -0.875      0.543
     0.000      0.000      0.000      0.000      0.000      0.000      0.000      0.000      0.000      0.000      0.000      0.000     -4.000      1.000      1.000 100399.000     -2.139      0.782
     1.000      1.000      1.000      0.000      1.000      1.000      1.000      1.000      1.000      1.000      1.000      1.000      0.000      1.000      1.000 100400.000      1.901      0.463
     1.000      1.000      0.000      1.000      1.000      1.000      0.000      0.000      1.000      1.000      1.000      1.000      0.000      1.000      1.000 100401.000      1.765      0.443
     1.000      1.000      1.000      1.000      1.000      0.000      1.000      0.000      1.000      1.000      1.000      1.000      0.000      1.000     -1.000 100402.000      1.672      0.452
     0.000      0.000      1.000      0.000      0.000      0.000      0.000      0.000      0.000      0.000      0.000      0.000      0.000      1.000      1.000 100403.000     -0.679      0.571
     1.000      1.000      1.000      1.000      0.000      1.000      1.000      1.000      0.000      1.000      1.000      1.000     -1.000      1.000      1.000 100404.000      1.570      0.418
     1.000      1.000      0.000      0.000      1.000      1.000      1.000      0.000      0.000      0.000      1.000      0.000      0.000      1.000     -1.000 100405.000      0.682      0.392
     1.000      1.000      1.000      1.000      1.000      0.000      1.000      0.000      0.000      1.000      0.000      0.000     -1.000      1.000     -1.000 100406.000      0.697      0.389
     1.000      0.000      1.000      0.000      0.000      1.000      1.000      0.000      1.000      1.000      0.000      0.000     -1.000      1.000      1.000 100407.000      0.552      0.390
     0.000      0.000      0.000      0.000      0.000      0.000      1.000      0.000      0.000      0.000      0.000      0.000     -1.000      1.000      1.000 100408.000     -1.021      0.635
     1.000      1.000      1.000      1.000      1.000      1.000      1.000      0.000      1.000      0.000      1.000      1.000     -1.000      1.000      1.000 100409.000      1.749      0.436
     0.000      0.000      0.000      0.000      0.000      0.000      0.000      0.000      0.000      0.000      0.000      0.000     -2.000      1.000     -1.000 100410.000     -1.646      0.677
     1.000      1.000      1.000      0.000      1.000      0.000      0.000      0.000      1.000      0.000      0.000      0.000     -1.000      1.000     -1.000 100411.000      0.230      0.414
     1.000      0.000      1.000      0.000      0.000      0.000      1.000      1.000      0.000      1.000      0.000      0.000      0.000      1.000      1.000 100412.000      0.217      0.425
     0.000      0.000      0.000      0.000      1.000      0.000      0.000      0.000      1.000      0.000      0.000      0.000      0.000      1.000      1.000 100413.000     -0.142      0.482
     0.000      0.000      1.000      0.000      0.000      0.000      1.000      0.000      0.000      0.000      0.000      0.000      0.000      1.000      1.000 100414.000     -0.448      0.535
     0.000      0.000      1.000      0.000      0.000      0.000      1.000      0.000      0.000      1.000      0.000      0.000     -2.000      1.000      1.000 100415.000     -0.321      0.491
     0.000      1.000      1.000      0.000      0.000      1.000      0.000      0.000      0.000      0.000      0.000      0.000     -3.000      1.000     -1.000 100416.000     -0.364      0.472
     1.000      1.000      1.000      1.000      1.000      1.000      1.000      1.000      1.000      0.000      1.000      1.000      1.000      1.000     -1.000 100417.000      2.081      0.510
     0.000      1.000      1.000      0.000      1.000      0.000      0.000      0.000      0.000      1.000      0.000      1.000      0.000      1.000     -1.000 100418.000      0.573      0.395
     0.000      0.000      0.000      0.000      1.000      0.000      0.000      1.000      0.000      0.000      0.000      0.000     -2.000      1.000      1.000 100419.000     -0.548      0.551
     0.000      1.000      1.000      1.000      0.000      0.000      0.000      1.000      1.000      0.000      1.000      0.000      1.000      1.000      1.000 100420.000      0.839      0.371
     0.000      1.000      1.000      0.000      0.000      0.000      1.000      0.000      0.000      0.000      0.000      0.000     -1.000      1.000     -1.000 100421.000     -0.423      0.490
     0.000      0.000      0.000      0.000      1.000      0.000      1.000      0.000      1.000      0.000      0.000      0.000     -2.000      1.000      1.000 100422.000     -0.198      0.482
     0.000      1.000      0.000      1.000      1.000      0.000      1.000      1.000      1.000      1.000      0.000      1.000      0.000      1.000      1.000 100423.000      1.207      0.377
     0.000      1.000      1.000      1.000      1.000      1.000      1.000      1.000      1.000      1.000      1.000      1.000      0.000      1.000      1.000 100424.000      2.175      0.518
     0.000      1.000      0.000      0.000      0.000      0.000      0.000      0.000      0.000      0.000      1.000      0.000     -1.000      1.000     -1.000 100425.000     -0.401      0.483
     1.000      1.000      1.000      0.000      1.000      0.000      1.000      0.000      1.000      0.000      0.000      1.000      1.000      1.000      1.000 100426.000      0.980      0.371
     1.000      1.000      1.000      0.000      0.000      0.000      1.000      1.000      1.000      0.000      0.000      0.000     -1.000      1.000      1.000 100427.000      0.338      0.401
     0.000      1.000      1.000      0.000      0.000      0.000      0.000      0.000      0.000      0.000      1.000      0.000      1.000      1.000      1.000 100428.000      0.248      0.417
     0.000      0.000      1.000      0.000      0.000      0.000      1.000      0.000      0.000      0.000      0.000      1.000     -3.000      1.000      1.000 100429.000     -0.273      0.495
     0.000      0.000      1.000      0.000      0.000      0.000      1.000      0.000      0.000      0.000      0.000      1.000     -2.000      1.000      1.000 100430.000     -0.145      0.472
     0.000      0.000      0.000      0.000      0.000      0.000      0.000      0.000      0.000      0.000      0.000      0.000     -1.000      1.000      1.000 100431.000     -1.329      0.675
     0.000      1.000      1.000      0.000      1.000      0.000      0.000      0.000      1.000      1.000      0.000      1.000      1.000      1.000      1.000 100432.000      0.970      0.369
     0.000      1.000      1.000      1.000      0.000      1.000      1.000      0.000      0.000      0.000      0.000      0.000     -1.000      1.000      1.000 100433.000      0.518      0.391
     1.000      1.000      1.000      1.000      1.000      0.000      0.000      1.000      0.000      1.000      0.000      1.000      1.000      1.000      1.000 100434.000      1.285      0.386
     0.000      0.000      1.000      1.000      1.000      0.000      1.000      1.000      0.000      0.000      0.000      0.000     -1.000      1.000      1.000 100435.000      0.389      0.410
     0.000      0.000      1.000      0.000      0.000      1.000      1.000      0.000      1.000      0.000      0.000      0.000     -2.000      1.000      1.000 100436.000      0.075      0.440
     1.000      0.000      1.000      0.000      0.000      0.000      0.000      0.000      0.000      0.000      1.000      0.000     -1.000      1.000      1.000 100437.000     -0.057      0.460
     1.000      1.000      1.000      1.000      1.000      1.000      1.000      1.000      1.000      1.000      1.000      1.000      0.000      1.000      1.000 100438.000      2.445      0.593
     0.000      0.000      1.000      0.000      0.000      0.000      0.000      0.000      0.000      0.000      0.000      0.000     -3.000      1.000     -1.000 100439.000     -1.366      0.628
     0.000      0.000      1.000      0.000      0.000      1.000      1.000      1.000      1.000      0.000      0.000      1.000     -1.000      1.000      1.000 100440.000      0.638      0.379
     1.000      0.000      0.000      0.000      1.000      0.000      0.000      0.000      0.000      0.000      0.000      0.000     -2.000      1.000     -1.000 100441.000     -0.692      0.522
     0.000      1.000      1.000      1.000      1.000      1.000      0.000      1.000      1.000      0.000      1.000      0.000     -2.000      1.000     -1.000 100442.000      1.060      0.399
     1.000      1.000      0.000      0.000      1.000      1.000      1.000      0.000      0.000      1.000      1.000      1.000      0.000      1.000     -1.000 100443.000      1.242      0.400
     0.000      0.000      1.000      0.000      0.000      0.000      0.000      1.000      0.000      0.000      0.000      0.000     -1.000      1.000      1.000 100444.000     -0.623      0.564
     1.000      0.000      0.000      0.000      0.000      0.000      0.000      0.000      0.000      0.000      0.000      0.000     -2.000      1.000      1.000 100445.000     -1.190      0.666
     1.000      0.000      0.000      0.000      1.000      0.000      1.000      0.000      0.000      0.000      0.000      0.000      0.000      1.000     -1.000 100446.000     -0.282      0.480
     0.000      0.000      0.000      0.000      0.000      0.000      0.000      0.000      0.000      0.000      0.000      0.000     -3.000      1.000      1.000 100447.000     -1.841      0.748
     0.000      0.000      0.000      1.000      1.000      1.000      0.000      1.000      1.000      1.000      1.000      1.000      1.000      1.000      1.000 100448.000      1.570      0.410
     0.000      0.000      0.000      0.000      0.000      0.000      0.000      0.000      0.000      1.000      0.000      0.000      0.000      1.000     -1.000 100449.000     -0.763      0.526
     0.000      0.000      1.000      0.000      1.000      0.000      0.000      1.000      0.000      0.000      0.000      0.000     -3.000      1.000      1.000 100450.000     -0.351      0.514
     0.000      0.000      0.000      1.000      1.000      0.000      0.000      1.000      0.000      1.000      0.000      0.000     -2.000      1.000     -1.000 100451.000      0.037      0.434
     0.000      1.000      1.000      0.000      0.000      0.000      0.000      0.000      1.000      1.000      0.000      0.000     -3.000      1.000     -1.000 100452.000     -0.203      0.464
     1.000      1.000      1.000      0.000      1.000      1.000      1.000      0.000      1.000      1.000      0.000      1.000     -1.000      1.000     -1.000 100453.000      1.232      0.401
     0.000      0.000      0.000      0.000      0.000      0.000      0.000      0.000      0.000      0.000      0.000      0.000      1.000      1.000      1.000 100454.000     -0.915      0.623
     1.000      0.000      1.000      1.000      1.000      0.000      1.000      1.000      0.000      1.000      1.000      0.000      1.000      1.000      1.000 100455.000      1.157      0.376
     0.000      1.000      0.000      0.000      1.000      0.000      0.000      0.000      0.000      0.000      0.000      0.000     -1.000      1.000     -1.000 100456.000     -0.426      0.496
     0.000      0.000      1.000      1.000      0.000      0.000      0.000      0.000      1.000      0.000      1.000      0.000      0.000      1.000      1.000 100457.000      0.459      0.395
     0.000      0.000      1.000      0.000      0.000      0.000      0.000      0.000      0.000      1.000      0.000      1.000     -1.000      1.000      1.000 100458.000      0.116      0.436
     1.000      1.000      1.000      0.000      1.000      1.000      1.000      1.000      1.000      1.000      1.000      1.000      2.000      1.000     -1.000 100459.000      2.094      0.535
     0.000      1.000      1.000      0.000      0.000      0.000      0.000      0.000      0.000      0.000      0.000      0.000      1.000      1.000      1.000 100460.000     -0.149      0.472
     1.000      1.000      1.000      1.000      1.000      1.000      1.000      0.000      1.000      1.000      1.000      0.000     -1.000      1.000      1.000 100461.000      1.622      0.422
     1.000      1.000      0.000      0.000      0.000      0.000      0.000      0.000      0.000      0.000      0.000      0.000     -2.000      1.000     -1.000 100462.000     -0.835      0.535
     1.000      1.000      1.000      0.000      1.000      0.000      0.000      1.000      0.000      1.000      1.000      0.000      1.000      1.000     -1.000 100463.000      0.851      0.390
     1.000      1.000      1.000      1.000      1.000      0.000      1.000      0.000      1.000      0.000      1.000      0.000      0.000      1.000      1.000 100464.000      1.155      0.379
     1.000      1.000      1.000      0.000      1.000      0.000      0.000      1.000      0.000      1.000      1.000      0.000      0.000      1.000     -1.000 100465.000      0.776      0.390
     0.000      1.000      1.000      1.000      1.000      0.000      1.000      1.000      1.000      0.000      1.000      1.000      0.000      1.000     -1.000 100466.000      1.389      0.459
     0.000      0.000      0.000      0.000      0.000      0.000      1.000      0.000      0.000      0.000      0.000      0.000      0.000      1.000      1.000 100467.000     -0.832      0.586
     1.000      0.000      1.000      0.000      0.000      0.000      0.000      1.000      0.000      0.000      0.000      0.000     -1.000      1.000      1.000 100468.000     -0.369      0.506
     1.000      1.000      1.000      1.000      1.000      1.000      1.000      0.000      0.000      0.000      1.000      0.000     -1.000      1.000     -1.000 100469.000      1.076      0.395
     0.000      0.000      1.000      1.000      0.000      0.000      0.000      0.000      0.000      0.000      0.000      0.000     -2.000      1.000      1.000 100470.000     -0.394      0.513
     0.000      1.000      1.000      1.000      1.000      0.000      1.000      0.000      0.000      1.000      1.000      0.000      0.000      1.000     -1.000 100471.000      0.948      0.391
     0.000      0.000      0.000      0.000      0.000      0.000      0.000      0.000      0.000      0.000      0.000      0.000     -1.000      1.000     -1.000 100472.000     -1.463      0.706
     0.000      1.000      0.000      0.000      1.000      0.000      1.000      1.000      1.000      0.000      0.000      1.000     -2.000      1.000     -1.000 100473.000      0.414      0.403
     0.000      1.000      1.000      1.000      0.000      0.000      1.000      1.000      1.000      1.000      1.000      1.000      0.000      1.000      1.000 100474.000      1.397      0.400
     0.000      0.000      0.000      0.000      0.000      0.000      0.000      0.000      0.000      0.000      0.000      0.000     -2.000      1.000     -1.000 100475.000     -1.646      0.679
     0.000      0.000      1.000      0.000      0.000      0.000      0.000      0.000      0.000      0.000      0.000      0.000     -2.000      1.000      1.000 100476.000     -1.045      0.644
     0.000      0.000      0.000      0.000      0.000      0.000      0.000      0.000      0.000      0.000      0.000      0.000      2.000      1.000      1.000 100477.000     -0.734      0.594
     0.000      0.000      0.000      0.000      0.000      0.000      1.000      1.000      1.000      0.000      0.000      0.000     -1.000      1.000      1.000 100478.000     -0.375      0.509
     0.000      0.000      0.000      0.000      0.000      0.000      0.000      0.000      0.000      0.000      0.000      0.000     -1.000      1.000      1.000 100479.000     -1.330      0.683
     0.000      0.000      1.000      0.000      0.000      0.000      1.000      1.000      0.000      0.000      0.000      0.000     -1.000      1.000      1.000 100480.000     -0.400      0.534
     0.000      1.000      0.000      0.000      0.000      0.000      0.000      0.000      0.000      0.000      0.000      0.000     -2.000      1.000     -1.000 100481.000     -1.093      0.566
     0.000      1.000      1.000      1.000      1.000      1.000      1.000      1.000      1.000      1.000      1.000      0.000     -1.000      1.000     -1.000 100482.000      1.510      0.428
     0.000      1.000      0.000      0.000      0.000      0.000      0.000      0.000      0.000      0.000      0.000      0.000      0.000      1.000      1.000 100483.000     -0.608      0.561
     1.000      0.000      1.000      0.000      0.000      0.000      1.000      0.000      0.000      0.000      0.000      0.000     -2.000      1.000      1.000 100484.000     -0.500      0.544
     1.000      0.000      0.000      0.000      0.000      0.000      1.000      0.000      0.000      0.000      0.000      0.000     -1.000      1.000      1.000 100485.000     -0.713      0.578
     0.000      0.000      0.000      0.000      1.000      0.000      0.000      0.000      1.000      0.000      0.000      0.000     -3.000      1.000     -1.000 100486.000     -0.711      0.516
     1.000      1.000      1.000      1.000      1.000      1.000      1.000      1.000      1.000      1.000      1.000      1.000      1.000      1.000      1.000 100487.000      2.613      0.618
     1.000      0.000      1.000      1.000      1.000      0.000      0.000      0.000      1.000      1.000      1.000      1.000      0.000      1.000      1.000 100488.000      1.379      0.390
     0.000      0.000      0.000      0.000      0.000      0.000      0.000      0.000      0.000      0.000      0.000      0.000     -4.000      1.000      1.000 100489.000     -2.145      0.786
     0.000      0.000      1.000      0.000      0.000      0.000      0.000      0.000      0.000      0.000      0.000      0.000     -1.000      1.000      1.000 100490.000     -0.849      0.589
     0.000      0.000      0.000      0.000      0.000      0.000      0.000      0.000      0.000      0.000      0.000      0.000      0.000      1.000      1.000 100491.000     -1.101      0.634
     0.000      1.000      1.000      1.000      1.000      0.000      1.000      1.000      1.000      1.000      0.000      1.000     -1.000      1.000      1.000 100492.000      1.304      0.387
     1.000      1.000      1.000      0.000      0.000      0.000      0.000      0.000      0.000      0.000      0.000      0.000      0.000      1.000      1.000 100493.000     -0.070      0.467
     1.000      0.000      1.000      0.000      0.000      1.000      0.000      1.000      0.000      0.000      0.000      0.000      0.000      1.000      1.000 100494.000      0.176      0.433
     1.000      0.000      0.000      0.000      0.000      0.000      0.000      0.000      0.000      0.000      0.000      0.000      0.000      1.000      1.000 100495.000     -0.795      0.577
     1.000      1.000      1.000      0.000      1.000      0.000      0.000      0.000      0.000      0.000      1.000      1.000     -1.000      1.000     -1.000 100496.000      0.700      0.390
     1.000      1.000      0.000      0.000      1.000      0.000      0.000      0.000      0.000      0.000      1.000      0.000      0.000      1.000     -1.000 100497.000      0.241      0.414
     0.000      0.000      0.000      0.000      0.000      0.000      1.000      1.000      0.000      1.000      1.000      0.000     -2.000      1.000      1.000 100498.000      0.025      0.448
     1.000      0.000      1.000      0.000      0.000      0.000      0.000      0.000      0.000      1.000      0.000      0.000     -2.000      1.000      1.000 100499.000     -0.302      0.516
     0.000      0.000      0.000      0.000      0.000      0.000      0.000      0.000      0.000      0.000      0.000      0.000      1.000      1.000      1.000 100500.000     -0.913      0.610
