"ID"	"ETA"	"AGE"	"GENDER"	"STUDY"	"STUDYAGE"	"TRUEETA"	"STUDYETA"	"ZETA"	"W"	"Z1"	"Z2"	"Z3"	"Z4"	"BIN_1"	"BIN_2"	"BIN_3"	"BIN_4"	"BIN_5"	"BIN_6"	"BIN_7"	"BIN_8"	"BIN_9"	"BIN_10"	"BIN_11"	"BIN_12"
100001	1.089	3	1	-1	-3	0.9906850156	-0.990685016	0.1306850156	0.2151769991	9.0227102937	18.969523824	16.485131854	15.634013896	1	0	1	0	0	1	0	1	0	1	0	1
100002	-0.471	1	-1	-1	-1	-0.795386417	0.7953864173	-0.695386417	1.607775939	14.726779928	10.611633493	11.427289774	12.145534182	1	0	0	0	0	0	0	1	0	0	0	0
100003	1.867	1	-1	-1	-1	1.8035664199	-1.80356642	1.9035664199	0.8556633175	8.5860824424	12.308740166	11.541992977	15.144940006	1	0	0	1	1	1	1	1	1	1	1	1
100004	-0.135	2	-1	-1	-2	-0.184109674	0.184109674	-0.564109674	0.0930827167	10.820538156	15.673288057	10.093669906	13.241452427	1	0	0	0	0	0	0	0	0	0	1	0
100005	-1.631	-1	-1	-1	1	-1.516489549	1.5164895488	-0.456489549	-0.821322003	6.2571567364	7.7970601672	9.8536734589	4.8419820076	0	0	0	0	0	0	0	0	0	0	0	0
100006	-1.471	0	1	-1	0	-0.341347144	0.3413471445	0.2386528555	-0.982606136	13.575983366	14.751835945	10.83053723	10.34618736	0	0	0	0	0	0	0	0	0	0	0	0
100007	2.702	4	-1	-1	-4	1.9129597134	-1.912959713	0.5729597134	1.2299627908	11.287665906	16.43481523	16.36637756	19.463759264	1	1	0	1	1	1	1	1	1	1	1	1
100008	-1.638	-1	-1	-1	1	-1.45491285	1.4549128496	-0.39491285	0.6521407176	4.1279624337	5.6064774296	9.3288899809	12.101761223	0	0	0	0	0	0	0	0	0	0	0	0
100009	1.351	1	1	-1	-1	0.8813341153	-0.881334115	0.9813341153	-1.114271493	10.023975709	10.135173291	12.347621622	13.88451896	1	0	1	1	0	1	1	1	0	1	0	1
100010	1.401	0	-1	-1	0	1.1292465797	-1.12924658	1.7092465797	0.3762033418	11.050783418	17.003772112	11.429523409	13.260837767	0	1	0	1	1	1	0	1	1	1	0	1
100011	0.734	1	-1	-1	-1	0.687391759	-0.687391759	0.787391759	0.2171701719	9.2865534018	8.2652121455	17.659618304	10.47240957	0	1	1	1	0	0	1	0	1	1	0	0
100012	-1.404	0	1	-1	0	-1.620642897	1.6206428974	-1.040642897	-0.296672523	6.1801488364	10.562204324	7.9571891005	9.1204275374	0	0	0	0	0	0	0	0	0	0	0	0
100013	-0.708	0	-1	-1	0	-1.143551313	1.1435513127	-0.563551313	0.2742870833	9.0444538121	4.6903640224	9.5206063927	11.710038383	1	0	0	0	0	0	1	0	0	0	0	0
100014	-1.889	-2	-1	-1	2	-0.907009248	0.9070092477	0.6329907523	0.189753529	8.2622020832	12.555049339	11.32127836	7.2452776437	0	0	0	0	0	0	0	0	0	0	0	0
100015	-1.27	1	1	-1	-1	-0.503059136	0.503059136	-0.403059136	0.4558677349	9.9549230589	12.096564889	7.8084775137	7.4282994398	0	0	0	0	0	0	0	0	0	0	0	0
100016	-0.944	-2	1	-1	2	-1.427581386	1.4275813861	0.1124186139	-0.933661233	9.667030601	10.820982272	8.6047379061	7.5370112083	0	0	0	1	0	0	0	0	0	0	0	0
100017	-1.189	-1	-1	-1	1	-1.168895954	1.168895954	-0.108895954	-0.047481897	11.976820695	7.9781319536	9.9115280839	6.9458378416	1	0	0	0	0	0	0	0	0	0	0	0
100018	-0.105	-1	1	-1	1	-0.168402606	0.1684026058	0.8915973942	0.4586886813	9.9747033274	11.236363277	9.8494096212	15.163623869	0	0	0	0	0	1	1	0	1	0	0	0
100019	-1.442	0	-1	-1	0	-1.827493829	1.8274938293	-1.247493829	0.0184753946	10.343227979	9.0012545422	10.606061824	8.1846299967	0	0	0	0	0	0	0	0	0	0	0	0
100020	-0.763	1	-1	-1	-1	-1.016292848	1.0162928476	-0.916292848	-0.971847124	7.3170519489	8.5080623444	9.9367391727	9.7995326558	0	0	0	0	0	0	0	1	0	0	0	0
100021	-0.415	0	1	-1	0	-0.136955622	0.1369556218	0.4430443782	-0.506036342	14.390597881	11.145156028	11.322331779	11.631428274	0	0	0	0	0	0	1	0	0	1	0	0
100022	-1.424	0	-1	-1	0	-1.366569879	1.3665698788	-0.786569879	0.3077367227	5.1915879716	15.573155958	6.5755502142	9.039636084	0	0	0	0	0	0	0	0	0	0	0	0
100023	-0.747	-1	-1	-1	1	-0.377613359	0.3776133585	0.6823866415	1.197760869	11.126743101	8.5166428694	13.490947988	11.949114519	0	0	0	0	0	0	1	0	1	0	0	0
100024	-0.15	0	-1	-1	0	-0.22435738	0.2243573799	0.3556426201	0.7288378463	11.47467704	10.553419455	6.5081354943	12.130948756	0	0	0	0	0	0	0	0	0	1	1	0
100025	-0.514	0	-1	-1	0	-0.243144198	0.2431441984	0.3368558016	-0.944247597	5.0815816051	14.840861426	10.714148034	10.929538089	0	0	0	0	0	0	0	0	0	0	0	1
100026	-0.854	0	1	-1	0	-0.955869407	0.9558694067	-0.375869407	-0.679327716	9.4426787036	8.7990743888	8.9543999917	7.9151809237	0	0	0	0	0	0	0	1	0	0	0	0
100027	-0.042	1	-1	-1	-1	-0.334291169	0.3342911688	-0.234291169	-0.012302924	9.8597545888	10.038518075	10.279013074	13.745176132	0	0	0	0	0	0	1	0	1	1	0	0
100028	1.32	3	1	-1	-3	0.9824074976	-0.982407498	0.1224074976	0.7450761584	12.65939743	13.430436242	16.693606034	13.587335474	1	0	0	1	0	0	1	1	0	1	1	1
100029	0.943	1	-1	-1	-1	0.4109480103	-0.41094801	0.5109480103	-0.751029941	7.8466643366	11.494309219	8.6472450861	14.531367879	1	1	0	1	0	0	1	1	0	1	1	0
100030	-0.724	0	-1	-1	0	-0.210204955	0.2102049549	0.3697950451	-1.488647305	11.662598244	16.39728157	9.723127675	6.849313054	1	0	0	0	0	0	1	0	0	0	0	0
100031	-1.387	0	1	-1	0	-2.204223055	2.2042230551	-1.624223055	-1.745604074	7.5694032173	7.335896756	10.219918182	7.2443286256	0	0	0	0	0	0	0	0	0	0	0	0
100032	1.159	2	-1	-1	-2	1.7255447207	-1.725544721	1.3455447207	0.2405269684	10.885564919	13.702976897	13.87933761	8.6450327881	1	0	0	1	1	1	0	1	1	1	0	0
100033	-0.65	0	1	-1	0	-0.517374661	0.517374661	0.062625339	0.2703540046	11.293334329	12.934975612	8.9755039133	11.772465032	1	0	0	0	0	0	1	0	0	0	0	0
100034	-1.884	-2	-1	-1	2	-1.534090868	1.5340908679	0.0059091321	0.4066026744	3.3073655753	7.3114720574	7.3408144545	6.7367712192	0	0	0	0	0	0	0	0	0	0	0	0
100035	-1.445	0	-1	-1	0	-1.812752858	1.8127528576	-1.232752858	-1.511956614	9.884899816	8.0394623908	5.3215142654	7.5047037561	0	0	0	0	0	0	0	0	0	0	0	0
100036	-1.607	-1	1	-1	1	-0.646125168	0.6461251683	0.4138748317	-0.619142648	15.034838696	7.3134224555	13.093199831	5.5430163567	0	0	0	0	0	0	0	0	0	0	0	0
100037	0.372	1	-1	-1	-1	0.0420491968	-0.042049197	0.1420491968	-0.194022754	11.674914103	10.09843824	10.160478221	10.785080104	1	1	0	0	0	0	1	1	0	1	0	0
100038	-1.861	-2	1	-1	2	-1.717749216	1.7177492157	-0.177749216	-0.920333571	7.0428624884	8.5420024991	7.8510190145	11.538062722	0	0	0	0	0	0	0	0	0	0	0	0
100039	-0.741	-1	1	-1	1	-0.679165482	0.6791654817	0.3808345183	-1.214178081	8.084720971	7.2908130979	13.514548054	12.049724217	0	0	0	0	0	0	1	1	0	0	0	0
100040	-0.764	0	-1	-1	0	-1.202359786	1.2023597855	-0.622359786	-1.147384936	15.649818366	8.8973624048	9.2300844649	10.092652118	0	0	0	0	0	0	0	0	0	1	0	0
100041	0.432	1	-1	-1	-1	0.8689241534	-0.868924153	0.9689241534	0.2124480703	11.487866404	14.177180876	9.6991835538	15.044323372	0	0	0	0	1	0	1	1	0	0	0	1
100042	0.302	2	1	-1	-2	0.5020163309	-0.502016331	0.1220163309	0.5125363377	11.284381008	11.821668642	13.328849563	9.2095633337	0	0	0	0	0	0	0	1	1	0	1	0
100043	-1.426	0	1	-1	0	-0.838820031	0.838820031	-0.258820031	0.9736317987	7.8710902023	17.966727481	9.1586160606	14.499562941	0	0	0	0	0	0	0	0	0	0	0	0
100044	2.169	3	1	-1	-3	1.7350860795	-1.73508608	0.8750860795	1.2864510395	11.67250523	18.492863127	18.091624874	13.686359806	1	1	0	1	0	1	1	1	1	1	1	1
100045	0.133	3	1	-1	-3	-0.238247355	0.2382473548	-1.098247355	0.4920962905	5.862593284	12.929407438	15.183807142	12.12931611	0	1	1	0	0	0	1	0	0	0	0	0
100046	-1.372	0	1	-1	0	-2.137427466	2.1374274659	-1.557427466	-0.315021412	4.9104575454	12.285535133	12.577983869	12.858212193	0	0	0	0	0	0	0	0	0	0	0	0
100047	-1.635	-1	-1	-1	1	-1.981984419	1.9819844193	-0.921984419	-0.260449414	8.5823417729	7.6418724886	7.2647106944	7.5171827546	0	0	0	0	0	0	0	0	0	0	0	0
100048	-0.271	1	-1	-1	-1	-0.670642154	0.6706421544	-0.570642154	0.9718018513	6.5439762827	8.5134993958	9.7589296201	12.412711956	0	0	0	1	0	0	1	0	0	0	0	0
100049	1.611	1	-1	-1	-1	1.5637813604	-1.56378136	1.6637813604	0.5856493863	12.446600766	13.139475054	13.298877493	13.367170462	1	1	0	1	1	0	0	1	1	1	1	1
100050	-1.452	0	-1	-1	0	-0.766269299	0.7662692992	-0.186269299	-0.823115307	7.1227378018	6.2998513884	11.530106661	10.068240343	0	0	0	0	0	0	0	0	0	0	0	0
100051	-1.627	-1	-1	-1	1	-1.75472763	1.7547276304	-0.69472763	-1.055244754	7.026560439	5.478270869	7.597580026	5.5370027435	0	0	0	0	0	0	0	0	0	0	0	0
100052	1.395	1	1	-1	-1	1.4993491157	-1.499349116	1.5993491157	1.5667898318	13.625607682	14.705556128	14.484898133	16.574312585	1	1	0	1	0	0	1	1	0	1	1	1
100053	1.663	2	1	-1	-2	1.3159347467	-1.315934747	0.9359347467	0.6069474405	12.586212594	15.120618068	18.974631258	11.39205658	1	0	1	0	0	1	1	1	1	1	1	1
100054	1.182	2	1	-1	-2	1.3893472734	-1.389347273	1.0093472734	1.8269526349	8.6798638382	15.332039124	17.638817857	13.322447303	0	0	1	0	0	1	1	1	1	1	1	0
100055	-0.177	-1	1	-1	1	-0.044891151	0.0448911511	1.0151088489	-0.125670824	11.834028634	14.281394828	11.430862324	12.716185681	0	0	1	0	0	0	0	1	1	0	0	0
100056	-1.865	-2	1	-1	2	-1.777458824	1.7774588245	-0.237458824	-0.919254061	6.4322823352	6.8599033901	6.4702604135	12.327933133	0	0	0	0	0	0	0	0	0	0	0	0
100057	-1.635	-1	-1	-1	1	-2.152344291	2.1523442913	-1.092344291	-0.006325127	9.7707527686	9.8705571167	11.973334017	7.7042456748	0	0	0	0	0	0	0	0	0	0	0	0
100058	-0.694	-1	-1	-1	1	-1.878082997	1.8780829965	-0.818082997	-0.536403113	10.5124781	8.4366645896	8.5036124901	4.3611667307	1	0	0	0	0	0	0	0	1	0	0	0
100059	0.221	0	-1	-1	0	0.4733113553	-0.473311355	1.0533113553	0.3451729136	6.0047881438	10.890863755	7.9504075414	8.039540855	0	1	0	0	0	0	1	1	0	0	1	0
100060	-1.64	-1	-1	-1	1	-0.626841294	0.6268412939	0.4331587061	0.0604181692	8.8330034282	9.1381136002	6.4861085334	6.1345578879	0	0	0	0	0	0	0	0	0	0	0	0
100061	2.048	2	1	-1	-2	2.6167396023	-2.616739602	2.2367396023	1.5683203469	10.036143241	20.020930909	17.059429857	17.405886854	1	0	1	1	0	1	1	1	1	1	1	1
100062	0.551	0	-1	-1	0	0.5642127364	-0.564212736	1.1442127364	1.7311436345	3.6196759837	14.099350957	8.3608840463	11.972720312	0	0	0	0	1	1	1	0	1	1	0	0
100063	1.636	2	-1	-1	-2	0.7132730358	-0.713273036	0.3332730358	-0.8312383	8.5238984857	12.424433526	14.044214171	13.177761001	1	1	0	1	1	0	1	0	1	1	1	1
100064	0.453	2	1	-1	-2	0.3384030629	-0.338403063	-0.041596937	-0.081063922	6.3455893055	12.903873219	16.070191285	10.339537294	0	0	1	1	0	0	1	0	1	0	0	0
100065	0.415	2	-1	-1	-2	0.5237265696	-0.52372657	0.1437265696	0.1081953451	9.3206382644	12.7751922	13.27177386	10.956081289	1	0	0	0	1	0	1	0	0	0	1	0
100066	-0.931	1	-1	-1	-1	-1.268055728	1.2680557276	-1.168055728	0.2919506532	13.562577708	9.1548885306	12.791697574	6.9395599854	0	0	0	0	0	0	1	0	0	0	0	0
100067	-1.356	1	-1	-1	-1	-0.552629571	0.5526295712	-0.452629571	1.1869614123	8.2649941818	9.4239354369	9.7356131772	11.649097666	0	0	0	0	0	0	0	0	0	0	0	0
100068	-1.334	1	-1	-1	-1	-0.786205039	0.786205039	-0.686205039	-1.099792211	12.890238001	8.603019514	9.849234483	11.373266545	0	0	0	0	0	0	0	0	0	0	0	0
100069	0.054	1	-1	-1	-1	0.5633361523	-0.563336152	0.6633361523	0.0832632055	13.171281757	11.482013106	15.655158812	11.752112891	0	1	0	0	0	0	1	0	0	0	1	0
100070	-1.634	-1	-1	-1	1	-1.410886688	1.4108866879	-0.350886688	-0.978119268	11.99182013	8.4465667077	10.292500229	9.2635060781	0	0	0	0	0	0	0	0	0	0	0	0
100071	-1.393	0	1	-1	0	-0.435099263	0.4350992634	0.1449007366	0.9318007296	8.6498658205	8.5529560228	9.4359661165	11.993038615	0	0	0	0	0	0	0	0	0	0	0	0
100072	-1.452	0	-1	-1	0	-1.73367418	1.7336741798	-1.15367418	-1.70379034	10.825648866	9.7182623588	11.964224443	7.2096464643	0	0	0	0	0	0	0	0	0	0	0	0
100073	-1.058	0	-1	-1	0	-0.614604044	0.6146040439	-0.034604044	0.3622005461	3.1041603456	8.8740444661	8.3612865758	11.221823627	0	0	0	0	0	0	1	0	0	0	0	0
100074	0.576	1	1	-1	-1	1.2228812581	-1.222881258	1.3228812581	-0.242012435	10.613481343	14.243049339	14.242681456	8.6873900647	1	0	1	0	0	0	1	0	1	0	0	1
100075	0.556	1	1	-1	-1	0.679823959	-0.679823959	0.779823959	0.6411537238	13.662257575	11.867084731	14.043574156	11.832091276	0	0	0	1	0	1	0	0	0	0	0	1
100076	-0.83	1	1	-1	-1	-0.200707118	0.2007071176	-0.100707118	-0.759536643	9.5639167731	15.994141035	9.0629703397	8.3120844534	1	0	0	0	0	0	0	0	0	0	0	0
100077	0.506	2	-1	-1	-2	0.019313131	-0.019313131	-0.360686869	-1.841609868	6.7572114554	14.251639551	10.309296408	10.082202096	0	0	0	0	0	0	0	1	1	1	0	1
100078	1.932	3	-1	-1	-3	1.7388898479	-1.738889848	0.8788898479	1.0227483243	10.224663877	13.735220878	13.174197735	10.715540723	0	1	0	1	1	1	1	1	0	1	1	1
100079	-1.876	-2	-1	-1	2	-1.490441827	1.4904418273	0.0495581727	2.4567633474	10.031611024	9.4550162555	9.8792607904	9.9265706203	0	0	0	0	0	0	0	0	0	0	0	0
100080	0.227	0	-1	-1	0	0.4210786968	-0.421078697	1.0010786968	0.2762683248	10.873507389	10.196928741	8.1864559073	9.4537132024	0	1	0	0	0	0	0	1	1	1	0	0
100081	-1.01	0	-1	-1	0	-0.567858626	0.5678586259	0.0121413741	0.5753226143	8.0561531019	11.280620137	10.829078396	9.266251903	1	0	0	0	0	0	0	0	0	0	0	0
100082	-0.574	0	-1	-1	0	-0.29726418	0.2972641798	0.2827358202	-0.552127686	11.108423232	10.247312623	11.27040351	8.3309760282	0	0	0	0	0	0	1	0	1	0	0	0
100083	-0.206	0	-1	-1	0	0.4380142038	-0.438014204	1.0180142038	2.8876147543	13.523139048	5.1423936585	11.630316452	14.133574594	0	0	0	0	0	1	0	0	1	0	0	0
100084	-1.274	-1	-1	-1	1	-1.90623246	1.9062324603	-0.84623246	-1.014517127	6.6515738965	7.7052757897	9.4432544714	6.6964411095	0	0	0	0	0	0	1	0	0	0	0	0
100085	-0.676	1	-1	-1	-1	-1.635249295	1.6352492953	-1.535249295	0.4907480335	6.0414842698	12.896248225	2.4896082789	7.2377911784	0	1	0	0	0	0	0	0	0	0	0	0
100086	1.349	3	-1	-1	-3	0.7586868112	-0.758686811	-0.101313189	0.0596295495	8.8310174157	16.273691529	15.100263481	16.047649528	1	0	0	1	0	1	1	1	1	1	0	1
100087	-1.079	0	-1	-1	0	-0.315708171	0.3157081714	0.2642918286	-0.446105048	10.282591819	9.692231175	10.661514948	12.174509516	0	0	0	0	0	0	1	0	0	0	0	0
100088	-0.42	1	1	-1	-1	-0.831274662	0.8312746623	-0.731274662	0.9340708544	7.1861591668	11.110987195	7.1738337852	14.495530944	0	0	0	1	0	0	0	0	0	0	0	0
100089	-1.062	0	-1	-1	0	-2.224440238	2.2244402378	-1.644440238	0.3341647439	8.6134453667	9.451838864	7.4110784329	9.4311359997	0	0	0	0	0	0	1	0	0	0	0	0
100090	-1.245	-2	1	-1	2	-0.620045259	0.6200452587	0.9199547413	-0.235110403	7.6833168875	12.720844902	11.601697546	10.086047746	0	0	0	0	0	0	0	0	1	0	0	0
100091	-1.766	-1	-1	-1	1	-2.738391545	2.7383915452	-1.678391545	-0.837679309	6.1480216683	8.5927349666	8.4305353189	7.5906546767	0	0	0	0	0	0	0	0	0	0	0	0
100092	-1.611	-1	1	-1	1	-1.223042111	1.2230421106	-0.163042111	-1.515581212	9.9360279652	14.266420281	13.510077369	6.5801607864	0	0	0	0	0	0	0	0	0	0	0	0
100093	-1.494	-2	-1	-1	2	-1.155714271	1.1557142708	0.3842857292	0.2651201439	8.1938557879	10.390106428	6.7051382211	12.461424353	0	0	0	0	0	0	1	0	0	0	0	0
100094	1.065	2	-1	-1	-2	0.5531960498	-0.55319605	0.1731960498	0.4241125282	9.9846234413	11.489668746	17.541780257	12.88125952	1	1	0	1	1	0	1	1	0	0	1	0
100095	-0.579	1	-1	-1	-1	-0.592395055	0.5923950551	-0.492395055	-0.08711694	5.1383046305	11.144880464	11.824889874	15.772621018	1	0	0	0	0	0	1	0	0	0	0	0
100096	-1.621	-1	1	-1	1	-1.227758172	1.2277581723	-0.167758172	1.5456656274	8.097690031	6.8867914235	6.1757592452	14.472691978	0	0	0	0	0	0	0	0	0	0	0	0
100097	-1.659	-1	-1	-1	1	-2.3585158	2.3585157997	-1.2985158	-1.16910229	7.1646738914	9.4920615227	10.087524881	6.8568055175	0	0	0	0	0	0	0	0	0	0	0	0
100098	-0.662	1	-1	-1	-1	0.2588098907	-0.258809891	0.3588098907	-0.565193134	6.1243942746	14.563738614	9.7090366214	13.148600634	0	1	0	0	0	0	0	0	0	0	0	0
100099	-0.142	2	-1	-1	-2	0.1066848812	-0.106684881	-0.273315119	-0.629045622	9.2836975527	13.722281313	13.021761031	11.795880688	1	0	0	1	0	0	0	0	0	0	0	0
100100	-0.052	0	-1	-1	0	0.2657814918	-0.265781492	0.8457814918	0.7337694786	10.469057845	12.081743157	10.358401584	15.297897715	0	0	0	0	0	0	0	1	1	1	0	0
100101	-1.312	1	-1	-1	-1	-0.55546148	0.5554614801	-0.45546148	0.0558911361	9.4622871818	4.2831511002	15.222346277	9.4249688531	0	0	0	0	0	0	0	0	0	0	0	0
100102	-1.637	-1	-1	-1	1	-1.77059946	1.7705994598	-0.71059946	-0.389320496	4.2912488378	8.8788267568	10.928440437	2.7919775738	0	0	0	0	0	0	0	0	0	0	0	0
100103	-1.399	0	1	-1	0	-0.858388699	0.858388699	-0.278388699	0.2946727787	9.8495869025	9.5665515296	9.36140624	14.010814619	0	0	0	0	0	0	0	0	0	0	0	0
100104	-1.036	0	-1	-1	0	-0.220923429	0.2209234293	0.3590765707	2.4690101277	11.208735929	12.765743074	6.2192073853	14.739025054	1	0	0	0	0	0	0	0	0	0	0	0
100105	-1.642	-1	-1	-1	1	-1.333339825	1.3333398254	-0.273339825	0.2468222193	9.0758717321	11.475150627	8.0576503132	13.151235181	0	0	0	0	0	0	0	0	0	0	0	0
100106	0.23	1	-1	-1	-1	1.2070363969	-1.207036397	1.3070363969	1.3652202035	6.7436688152	13.752714533	12.700072297	13.516695988	0	0	0	0	0	0	0	0	1	1	0	1
100107	1.228	2	1	-1	-2	1.0185133578	-1.018513358	0.6385133578	-0.098353418	12.035817584	13.751541274	15.989448567	17.397766071	1	0	0	1	0	0	1	1	1	0	1	1
100108	-1.45	0	-1	-1	0	-2.66926245	2.6692624498	-2.08926245	-0.422366132	8.1252117997	7.9448144213	8.6077820346	5.413296416	0	0	0	0	0	0	0	0	0	0	0	0
100109	-1.219	-1	-1	-1	1	-0.967460076	0.9674600762	0.0925399238	-1.455440473	8.0260141963	12.938563818	8.7669047277	9.5924654073	1	0	0	0	0	0	0	0	0	0	0	0
100110	-0.735	-1	-1	-1	1	-1.225793829	1.2257938295	-0.165793829	-1.487004223	8.3923011908	6.2622327111	13.73783125	5.2901301759	0	0	0	0	0	0	1	0	1	0	0	0
100111	0.226	0	-1	-1	0	-0.400604862	0.4006048617	0.1793951383	-0.318493252	10.995847686	8.3172612961	11.073812988	11.074500454	0	0	0	0	0	0	1	1	1	0	0	1
100112	-1.87	-2	1	-1	2	-3.062933216	3.0629332158	-1.522933216	-2.329226478	3.6719818366	8.4228739037	8.3032930188	1.4625783332	0	0	0	0	0	0	0	0	0	0	0	0
100113	-1.638	-1	1	-1	1	-1.624432409	1.6244324087	-0.564432409	-0.132496309	11.263349534	6.6105703516	4.9360659145	8.9581862974	0	0	0	0	0	0	0	0	0	0	0	0
100114	1.741	1	-1	-1	-1	1.4873166132	-1.487316613	1.5873166132	1.0395300985	9.0222264358	16.120508928	16.654728288	9.6609234389	1	1	0	1	1	1	0	1	0	1	1	1
100115	0.512	-1	-1	-1	1	0.8088379804	-0.80883798	1.8688379804	3.4096585219	15.405583965	12.512960894	11.088271464	15.966279661	1	1	0	0	1	0	0	0	0	1	0	1
100116	0.725	1	1	-1	-1	0.8050893042	-0.805089304	0.9050893042	-0.378481827	8.9144214084	13.061250107	14.529007599	9.770679111	1	0	1	0	0	0	1	1	1	0	1	0
100117	0.15	0	-1	-1	0	0.0946704561	-0.094670456	0.6746704561	-0.397760853	11.793575093	10.964694721	10.988260783	5.1705158278	1	1	0	0	0	0	1	0	0	0	1	0
100118	-1.213	-1	1	-1	1	-1.070198047	1.0701980467	-0.010198047	-0.315739545	15.418796853	9.9538500383	9.4891744586	8.8662532618	0	0	0	0	0	0	1	0	0	0	0	0
100119	0.276	1	-1	-1	-1	0.7864711181	-0.786471118	0.8864711181	-0.500584767	9.2607055019	9.0406514843	11.896809556	9.7947569459	0	0	0	1	0	1	0	1	0	0	0	0
100120	1.24	3	1	-1	-3	0.9207172681	-0.920717268	0.0607172681	0.2232070927	13.130296369	13.810025703	13.076672973	15.681882315	0	0	1	1	0	1	1	1	1	1	0	0
100121	-1.254	-1	-1	-1	1	-0.660940568	0.6609405683	0.3990594317	1.8876525364	4.8506611818	8.3536216933	8.5948865455	7.564713907	0	0	0	0	0	0	1	0	0	0	0	0
100122	-1.065	0	-1	-1	0	-1.120186689	1.120186689	-0.540186689	0.9252808173	11.305571375	9.1632364321	5.9469765722	8.8873786605	0	0	0	0	0	0	1	0	0	0	0	0
100123	-1.669	-1	-1	-1	1	-1.712441437	1.712441437	-0.652441437	0.7632746214	7.1350540409	11.602304736	9.7057256399	10.211187898	0	0	0	0	0	0	0	0	0	0	0	0
100124	-1.069	0	-1	-1	0	-0.744475451	0.744475451	-0.164475451	-0.916586597	10.681867987	7.9413723611	12.174758971	8.6167653857	1	0	0	0	0	0	0	0	0	0	0	0
100125	-1.615	-1	1	-1	1	-2.011037183	2.0110371832	-0.951037183	-0.354870876	4.6225901903	7.77208359	12.676431576	5.2547006994	0	0	0	0	0	0	0	0	0	0	0	0
100126	0.068	0	-1	-1	0	0.5427998814	-0.542799881	1.1227998814	0.4844564159	8.005669551	14.541535166	12.014242393	14.31312119	0	1	0	1	0	0	0	1	0	0	0	0
100127	1.295	2	1	-1	-2	0.8238537898	-0.82385379	0.4438537898	-0.046078135	12.277642766	13.824338923	16.562728292	13.420188837	0	0	0	1	0	1	0	1	1	0	1	1
100128	-0.413	-1	-1	-1	1	0.2428468323	-0.242846832	1.3028468323	0.6902438369	10.883229119	9.7566933196	14.401479746	10.417653085	0	0	0	0	0	0	0	1	0	0	1	0
100129	-1.299	1	-1	-1	-1	-1.937917197	1.937917197	-1.837917197	-0.360273234	6.7491392332	7.7902962403	6.8138756692	12.087374797	0	0	0	0	0	0	0	0	0	0	0	0
100130	0.982	0	1	-1	0	0.7921419121	-0.792141912	1.3721419121	0.2315170438	10.800230949	12.409125925	18.293522566	12.656518819	1	0	0	1	1	1	1	0	0	0	1	0
100131	-0.168	2	1	-1	-2	0.1850386035	-0.185038604	-0.194961396	-0.234888048	4.4560416597	14.484945642	14.749353326	16.770106728	0	0	0	0	0	0	0	1	1	0	0	0
100132	1.704	2	-1	-1	-2	1.4744477236	-1.474447724	1.0944477236	0.8171034049	13.463075194	10.079835455	10.621858097	12.88353425	0	1	0	1	1	0	1	1	1	1	1	1
100133	-0.302	1	1	-1	-1	0.1431195556	-0.143119556	0.2431195556	0.9300901215	9.3600103354	6.6432904288	12.175854817	14.222134861	0	0	0	0	0	0	1	0	0	1	0	0
100134	-0.792	0	-1	-1	0	-1.954132381	1.9541323813	-1.374132381	-2.596864426	6.9448799766	10.915999894	5.8615126634	5.3870237034	0	1	0	0	0	0	0	0	0	0	0	0
100135	0.892	2	1	-1	-2	0.4293173804	-0.42931738	0.0493173804	0.4314697072	10.225568535	14.244743272	11.592966259	11.243881323	1	0	1	1	0	0	1	1	0	0	1	0
100136	0.815	0	-1	-1	0	0.6066101494	-0.606610149	1.1866101494	0.6208182274	12.586543736	12.036298645	13.123580181	12.564719883	0	1	0	1	0	1	1	1	0	0	1	0
100137	-0.909	0	-1	-1	0	-1.68374491	1.6837449099	-1.10374491	-0.852405083	8.5385834016	8.3207630892	4.0463025958	11.121930366	0	0	0	0	0	0	0	1	0	0	0	0
100138	1.958	3	1	-1	-3	2.0408793985	-2.040879398	1.1808793985	-0.846209675	8.1371048492	13.178969863	16.904837322	15.158574565	0	0	1	1	0	1	1	1	1	1	1	1
100139	1.579	2	-1	-1	-2	1.4580908762	-1.458090876	1.0780908762	1.2305352472	9.5435268107	8.3222376144	12.049714494	13.13045431	1	1	0	1	1	1	1	1	0	1	1	0
100140	-1.02	0	-1	-1	0	-1.051756343	1.0517563432	-0.471756343	-0.899000984	11.784409367	13.50676647	11.543489814	8.6986884188	1	0	0	0	0	0	0	0	0	0	0	0
100141	-1.172	2	1	-1	-2	-0.501119491	0.5011194911	-0.881119491	-0.172165538	11.509021488	10.318046764	13.330737705	9.5584797129	0	0	0	0	0	0	0	0	0	0	0	0
100142	0.657	3	-1	-1	-3	0.6481895599	-0.64818956	-0.21181044	1.4588035685	9.613680027	11.722172463	12.196427703	13.852632201	1	0	0	1	0	0	1	0	1	0	1	0
100143	2.033	3	-1	-1	-3	1.6936545179	-1.693654518	0.8336545179	-0.034158688	7.3872570785	15.356297009	17.049372812	13.851095899	0	1	0	1	1	1	0	1	1	1	1	1
100144	-0.599	0	-1	-1	0	-0.297609068	0.2976090683	0.2823909317	-0.172406984	11.608194961	11.457342602	14.532070363	12.111830752	0	0	0	0	0	0	1	1	0	0	0	0
100145	-0.086	-1	-1	-1	1	0.1117357381	-0.111735738	1.1717357381	0.1168123608	9.5661314641	8.9207922772	11.302979207	13.170166093	0	1	0	0	0	0	1	0	0	0	0	1
100146	0.034	0	1	-1	0	-0.69213067	0.6921306697	-0.11213067	0.4345006871	10.96105516	9.227812448	9.1381207611	13.080130422	0	0	0	0	0	0	1	0	1	0	1	0
100147	-0.828	2	-1	-1	-2	-0.856687571	0.8566875707	-1.236687571	0.032417023	14.89344983	9.337099003	16.252858618	12.392140884	0	0	0	0	0	0	1	0	0	0	0	0
100148	0.055	1	1	-1	-1	-0.391601572	0.3916015715	-0.291601572	0.8783210053	8.7401345596	9.2176921767	13.978892672	12.129921453	1	0	0	0	0	0	1	0	0	0	1	0
100149	-1.201	-1	-1	-1	1	-1.230246296	1.2302462956	-0.170246296	-0.339008934	9.9550605779	11.485521369	8.1966962705	7.219707863	1	0	0	0	0	0	0	0	0	0	0	0
100150	-0.848	2	-1	-1	-2	-0.108897717	0.1088977165	-0.488897717	-1.932783515	12.962346782	15.521839417	14.151812931	11.620261746	0	0	0	0	0	0	1	0	0	0	0	0
100151	-0.485	1	-1	-1	-1	0.2511207646	-0.251120765	0.3511207646	1.7855540498	12.653406135	9.1565693893	12.404884658	9.6041359862	0	0	0	1	0	0	0	0	0	0	0	0
100152	-1.906	-2	-1	-1	2	-2.277809606	2.2778096055	-0.737809606	-1.870158512	8.9023129348	4.0956037139	8.2101998935	5.797938753	0	0	0	0	0	0	0	0	0	0	0	0
100153	-1.268	-2	1	-1	2	-1.649763276	1.6497632757	-0.109763276	-0.401963324	10.224133417	9.6557820367	11.093686453	9.5995568749	0	0	1	0	0	0	0	0	0	0	0	0
100154	-0.313	2	1	-1	-2	-0.374346634	0.3743466335	-0.754346634	-0.059670932	12.014137887	10.083318883	12.628179666	8.8907537281	0	0	0	1	0	0	0	0	0	0	0	0
100155	0.554	0	1	-1	0	-0.170194349	0.1701943491	0.4098056509	0.3120694111	11.731246274	17.917556935	8.9512025238	13.999872268	1	1	1	1	0	0	0	0	1	0	0	0
100156	1.501	3	1	-1	-3	2.1596396013	-2.159639601	1.2996396013	0.9608142006	16.565875198	12.612210161	15.659696558	20.875205315	1	1	0	1	0	1	0	1	0	0	1	1
100157	0.254	2	1	-1	-2	0.2780390649	-0.278039065	-0.101960935	0.677279724	7.6841163714	13.821654994	12.906048508	13.028571411	0	1	0	1	0	0	1	0	0	0	0	0
100158	-0.146	2	-1	-1	-2	0.2942694777	-0.294269478	-0.085730522	0.37798193	12.999808258	14.876044015	15.982233845	15.272140271	1	0	0	0	0	0	0	0	0	0	1	0
100159	-0.692	1	1	-1	-1	0.3532731974	-0.353273197	0.4532731974	0.8700921725	11.664917163	10.64242288	17.507978905	14.324428633	0	0	0	0	0	0	0	1	0	0	0	0
100160	-1.007	0	-1	-1	0	-1.591193234	1.5911932338	-1.011193234	0.5586966332	10.052266503	9.8895685544	8.9689909609	3.8702086037	1	0	0	0	0	0	0	0	0	0	0	0
100161	-0.969	-1	-1	-1	1	-0.928244194	0.9282441943	0.1317558057	1.486496459	7.4095003903	9.0252956052	6.1007714854	7.4355737164	0	1	0	0	0	0	0	0	0	0	0	0
100162	-1.192	-1	-1	-1	1	-0.817184366	0.8171843655	0.2428156345	0.0167056545	8.6395401547	8.5729925304	7.4869140633	14.026777791	1	0	0	0	0	0	0	0	0	0	0	0
100163	-1.412	0	1	-1	0	-0.885769545	0.8857695452	-0.305769545	-0.705866504	8.4443291054	8.9465889129	10.374828363	6.3721404294	0	0	0	0	0	0	0	0	0	0	0	0
100164	0.719	2	1	-1	-2	1.019750025	-1.019750025	0.639750025	0.8967925789	8.8359596049	16.272874258	16.917505978	17.072257532	1	0	1	0	0	0	1	1	1	1	0	0
100165	2.458	3	1	-1	-3	2.6208276008	-2.620827601	1.7608276008	-0.817735656	8.4412227717	11.913432916	17.089245709	15.232642472	1	1	1	1	0	1	1	1	1	1	1	1
100166	2.166	4	-1	-1	-4	2.0756170425	-2.075617042	0.7356170425	-0.47605761	12.745065509	13.490619684	17.180652534	10.604613283	1	1	0	1	1	1	1	1	1	0	1	1
100167	1.114	1	-1	-1	-1	0.7536095577	-0.753609558	0.8536095577	0.7625980046	8.0348692659	9.5983903819	13.703177951	8.6620877132	1	1	1	1	1	1	0	0	0	1	0	0
100168	-1.869	-2	-1	-1	2	-1.307384168	1.3073841678	0.2326158322	-1.000385043	9.1228788147	7.9764592156	12.460389857	9.2325784133	0	0	0	0	0	0	0	0	0	0	0	0
100169	-1.655	-1	-1	-1	1	-1.397078952	1.3970789517	-0.337078952	1.2915875244	10.874104147	13.181542393	6.5176851306	12.59263314	0	0	0	0	0	0	0	0	0	0	0	0
100170	-1.427	0	-1	-1	0	-2.357604196	2.3576041964	-1.777604196	-1.062541247	5.8335452555	11.165199149	9.3216120598	8.2580186459	0	0	0	0	0	0	0	0	0	0	0	0
100171	2.708	4	-1	-1	-4	3.2584301712	-3.258430171	1.9184301712	1.1240879387	14.001523013	19.493895418	14.401037308	12.627152188	1	1	0	1	1	1	1	1	1	1	1	1
100172	-1.069	0	-1	-1	0	-1.264383109	1.2643831086	-0.684383109	-0.351416628	10.803445277	8.4212507371	10.053840944	12.043753647	0	0	0	0	0	0	1	0	0	0	0	0
100173	-1.603	-1	1	-1	1	-1.052958501	1.0529585011	0.0070414989	-0.577127855	11.169756994	10.492727204	12.973309091	8.3978905812	0	0	0	0	0	0	0	0	0	0	0	0
100174	-0.37	2	-1	-1	-2	-0.121540184	0.1215401838	-0.501540184	0.2960833949	8.7846533014	14.067353883	15.342323975	13.052520636	0	0	0	0	1	0	0	0	0	0	0	0
100175	-1.049	0	-1	-1	0	-0.163575108	0.1635751079	0.4164248921	-0.498772315	13.686692905	12.757308889	10.24679541	7.5973284625	0	0	0	0	0	0	1	0	0	0	0	0
100176	0.222	0	1	-1	0	0.0444841351	-0.044484135	0.6244841351	1.5071980888	6.8434731293	14.955052541	12.452328611	14.606472565	0	1	0	0	0	0	0	0	0	1	1	0
100177	-1.303	1	-1	-1	-1	-1.0624155	1.0624154997	-0.9624155	-0.627623248	10.396839671	9.9676782941	13.621584074	11.761689672	0	0	0	0	0	0	0	0	0	0	0	0
100178	-0.104	2	1	-1	-2	0.3542742347	-0.354274235	-0.025725765	0.4033371114	7.6803567094	13.22555645	13.400742693	14.532593494	0	1	0	0	0	0	0	0	1	0	0	0
100179	-0.742	0	-1	-1	0	-0.600695037	0.6006950372	-0.020695037	-0.481800947	7.690065909	11.277649515	8.2032215316	9.4463942059	1	0	0	0	0	0	1	0	0	0	0	0
100180	-1.227	-1	-1	-1	1	-0.684121513	0.6841215133	0.3758784867	-0.502049942	6.7744478842	5.694045413	9.2288941709	9.8567903996	1	0	0	0	0	0	0	0	0	0	0	0
100181	-1.592	-1	1	-1	1	-0.313713594	0.3137135938	0.7462864062	0.9112330092	9.8590620884	13.521027951	9.4401089552	9.9101702862	0	0	0	0	0	0	0	0	0	0	0	0
100182	-1.646	-1	-1	-1	1	-1.36340966	1.3634096602	-0.30340966	0.1953964467	7.5259605018	8.9398831048	8.6268055655	8.3939214228	0	0	0	0	0	0	0	0	0	0	0	0
100183	-0.925	-2	-1	-1	2	-1.041503203	1.0415032027	0.4984967973	-0.074383105	10.037197599	4.302506986	10.245191325	7.3690478334	0	1	0	0	0	0	1	0	0	0	0	0
100184	-0.961	1	-1	-1	-1	-1.142666617	1.1426666175	-1.042666617	-0.194731442	9.1425077842	10.380769023	12.029686991	13.124732827	0	0	0	0	0	0	1	0	0	0	0	0
100185	2.412	2	1	-1	-2	2.2000582697	-2.20005827	1.8200582697	1.3122120229	14.090281843	19.009200953	17.745559017	15.544251821	1	0	1	1	1	1	1	1	1	1	1	1
100186	-0.72	-1	-1	-1	1	-0.840066051	0.8400660508	0.2199339492	1.4703730657	11.726813341	5.4358678976	7.1911221477	11.338323141	1	0	1	0	0	0	0	0	0	0	0	0
100187	-0.438	1	-1	-1	-1	-0.133775736	0.1337757361	-0.033775736	1.623557137	11.661224365	6.5674969466	14.308821565	13.945159064	0	1	0	0	0	0	1	0	0	0	0	0
100188	-1.269	1	1	-1	-1	-1.45941955	1.4594195502	-1.35941955	-1.698602817	9.8766792488	7.9230164005	11.847945271	13.142710717	0	0	0	0	0	0	0	0	0	0	0	0
100189	-1.263	2	-1	-1	-2	-0.445922189	0.445922189	-0.825922189	-0.650519207	12.034952348	10.167862101	11.441443687	7.0496539773	0	0	0	0	0	0	0	0	0	0	0	0
100190	-0.393	2	-1	-1	-2	0.0062035372	-0.006203537	-0.373796463	-0.502487482	10.904073179	13.531370889	12.478101083	12.37800711	0	0	0	0	0	0	1	1	0	0	0	0
100191	-0.599	1	-1	-1	-1	0.1111909688	-0.111190969	0.2111909688	1.2121984628	8.8073614484	14.937805375	12.665511992	17.809162373	1	0	0	0	0	0	1	0	0	0	0	0
100192	1.548	3	-1	-1	-3	1.3096979761	-1.309697976	0.4496979761	0.5199906664	7.1350899113	6.5755172876	13.857237432	13.280985488	0	1	0	1	1	1	1	1	0	1	0	1
100193	-1.439	0	-1	-1	0	-1.746818582	1.7468185818	-1.166818582	-1.655747379	7.7714593006	10.665810741	8.5640678866	7.524171884	0	0	0	0	0	0	0	0	0	0	0	0
100194	1.168	0	-1	-1	0	0.6438057683	-0.643805768	1.2238057683	1.9741986561	13.456475334	12.532184143	7.3591794101	14.654737424	1	1	0	0	0	1	1	0	1	1	1	1
100195	-0.255	1	-1	-1	-1	-0.440666735	0.440666735	-0.340666735	-1.404506762	5.7852027667	14.588193303	15.115090882	10.301180734	0	0	0	1	0	0	1	0	0	0	0	0
100196	-0.916	1	-1	-1	-1	-1.227546194	1.2275461937	-1.127546194	0.0164990674	10.601265212	11.417347787	4.2699744424	9.9669182027	1	0	0	0	0	0	0	0	0	0	0	0
100197	0.206	2	1	-1	-2	-0.247100231	0.2471002307	-0.627100231	0.8063693852	7.5325840226	13.996419409	14.23079839	15.181452302	0	0	0	1	0	1	0	0	0	0	0	0
100198	-1.411	0	-1	-1	0	-2.560425646	2.5604256457	-1.980425646	-0.952307893	7.7600797771	5.484793127	5.8850639593	7.2780039642	0	0	0	0	0	0	0	0	0	0	0	0
100199	0.631	1	-1	-1	-1	-0.002110524	0.0021105237	0.0978894763	0.4041758006	8.1243378077	10.778800288	14.446738206	12.396540556	1	1	0	1	1	0	0	1	0	0	0	0
100200	-1.459	0	-1	-1	0	-1.037468583	1.0374685834	-0.457468583	0.0819658323	8.4282249725	10.548865813	11.252626077	12.749753836	0	0	0	0	0	0	0	0	0	0	0	0
100201	-0.94	-1	-1	-1	1	-0.713961047	0.7139610469	0.3460389531	2.1415593114	8.9477235944	11.693730261	9.9765470313	13.634751221	0	0	0	0	0	0	0	0	0	1	0	0
100202	-0.507	0	1	-1	0	-0.463598784	0.4635987835	0.1164012165	2.1593678893	7.8774679202	12.898302118	11.279304715	9.3133131755	1	0	0	0	0	0	0	1	0	0	0	0
100203	-0.77	0	-1	-1	0	0.1377071868	-0.137707187	0.7177071868	-0.037139984	12.158364968	14.369064214	10.427871009	8.7551479545	0	0	0	0	0	0	0	0	0	1	0	0
100204	0.364	0	-1	-1	0	-0.213749631	0.2137496307	0.3662503693	0.7062416303	10.148642154	11.104477906	12.785245347	12.425184552	0	1	0	1	0	0	0	0	1	1	0	0
100205	1.698	3	1	-1	-3	2.0233337877	-2.023333788	1.1633337877	1.5710110174	9.5235576252	16.002557804	14.399749118	14.740631122	1	0	1	1	0	1	1	1	1	1	1	0
100206	0.963	1	1	-1	-1	0.6066542289	-0.606654229	0.7066542289	0.1937575898	8.4027238083	13.965447606	10.68145363	11.948730796	0	0	0	0	0	0	1	1	1	1	1	1
100207	-1.444	0	-1	-1	0	-0.502781873	0.5027818726	0.0772181274	-0.610881447	9.9367631076	10.488863155	10.324883779	6.2947183536	0	0	0	0	0	0	0	0	0	0	0	0
100208	-1.646	-1	-1	-1	1	-0.35329375	0.3532937504	0.7067062496	1.2979152188	9.3385474944	11.95348547	12.330421613	14.750368879	0	0	0	0	0	0	0	0	0	0	0	0
100209	-1.611	-1	1	-1	1	-2.287613203	2.2876132033	-1.227613203	-1.011113023	7.4336515402	11.056370306	2.5800178565	7.990504798	0	0	0	0	0	0	0	0	0	0	0	0
100210	-1.251	1	1	-1	-1	-0.342548377	0.3425483772	-0.242548377	0.4256438403	9.404373316	10.513244655	10.968226338	11.610036019	0	0	0	0	0	0	0	0	0	0	0	0
100211	-0.619	2	-1	-1	-2	-0.482856445	0.4828564454	-0.862856445	-0.495724085	12.397078749	5.6148601416	12.605092706	11.19390127	0	0	0	0	0	0	0	0	1	0	0	0
100212	0.989	1	-1	-1	-1	0.9150411502	-0.91504115	1.0150411502	1.5686722755	14.487266531	10.197907437	9.6441119889	14.262716695	0	1	0	1	1	1	0	1	0	1	0	0
100213	-1.034	-1	1	-1	1	-1.329574622	1.3295746217	-0.269574622	-0.539240358	5.3697584379	11.9270062	8.8396925165	15.066654744	0	0	0	0	0	0	0	1	0	0	0	0
100214	-0.065	2	1	-1	-2	0.3774888831	-0.377488883	-0.002511117	0.3008440023	7.1345367839	14.036378227	13.45590027	14.413572657	1	0	0	0	0	0	1	1	0	0	0	0
100215	-0.988	0	1	-1	0	-1.862787931	1.8627879312	-1.282787931	-1.0798703	9.5816261507	8.5264608822	8.4966707726	8.2901379001	1	0	0	0	0	0	0	0	0	0	0	0
100216	1.838	1	-1	-1	-1	1.7591935177	-1.759193518	1.8591935177	1.3181083327	12.089319665	13.529706932	14.736735212	13.496952356	1	1	0	1	1	1	1	1	1	0	1	1
100217	-1.302	1	1	-1	-1	-0.068619928	0.0686199283	0.0313800717	-0.55631782	13.321605364	12.738926747	9.8951226616	9.3611243924	0	0	0	0	0	0	0	0	0	0	0	0
100218	-2.162	-3	1	-1	3	-2.247264494	2.2472644943	-0.227264494	-0.995177952	7.6270795354	10.134225897	9.6639432724	10.065560968	0	0	0	0	0	0	0	0	0	0	0	0
100219	-0.815	0	-1	-1	0	-0.540027499	0.5400274991	0.0399725009	0.3906761244	8.4359089289	11.136472749	12.187882296	10.11515835	0	1	0	0	0	0	0	0	0	0	0	0
100220	-1.274	1	1	-1	-1	-1.102138823	1.102138823	-1.002138823	-0.072589771	8.9895156684	8.0339732983	10.944854184	11.151655846	0	0	0	0	0	0	0	0	0	0	0	0
100221	-1.337	1	-1	-1	-1	-0.806599278	0.8065992777	-0.706599278	-0.899507837	12.497236436	10.70121122	10.117969646	10.643782891	0	0	0	0	0	0	0	0	0	0	0	0
100222	-1.125	-2	1	-1	2	-1.278654854	1.2786548543	0.2613451457	-0.446050121	10.86360636	11.091908177	10.842176794	8.44097513	0	0	0	0	0	0	0	0	0	1	0	0
100223	-1.602	-1	1	-1	1	-2.877335142	2.8773351418	-1.817335142	0.67406786	10.896047816	10.87547954	3.1989577921	9.5994191393	0	0	0	0	0	0	0	0	0	0	0	0
100224	-1.03	0	1	-1	0	-0.723586589	0.7235865891	-0.143586589	1.1707286723	8.300450018	12.816081605	14.801780756	9.5488456012	0	0	0	0	0	0	1	0	0	0	0	0
100225	-1.418	-2	1	-1	2	-2.222714732	2.222714732	-0.682714732	-0.00607213	10.588521392	5.0127703726	7.1022507503	8.6078374063	1	0	0	0	0	0	0	0	0	0	0	0
100226	0.162	1	1	-1	-1	-0.094697079	0.0946970787	0.0053029213	-0.572224772	8.6853575284	9.196702082	13.679144483	12.959306815	1	0	0	0	0	0	0	1	0	0	1	0
100227	-0.376	1	-1	-1	-1	-0.298726402	0.2987264025	-0.198726402	-0.574688101	12.71419008	4.4892594245	11.067176612	13.912112996	1	1	0	0	0	0	0	0	0	0	0	0
100228	-1.861	-2	1	-1	2	-1.718718174	1.7187181741	-0.178718174	0.4822119227	7.9502193532	11.810501312	3.4264746273	10.73882696	0	0	0	0	0	0	0	0	0	0	0	0
100229	0.355	0	-1	-1	0	0.2040038411	-0.204003841	0.7840038411	1.0310506846	10.66344304	11.193478978	8.8713328314	12.84928001	0	1	0	0	0	1	0	1	0	1	0	0
100230	-1.435	0	-1	-1	0	-1.596473727	1.5964737269	-1.016473727	0.2534095494	8.595422662	7.7837880134	11.074711881	12.983715536	0	0	0	0	0	0	0	0	0	0	0	0
100231	1.674	2	-1	-1	-2	2.0068686865	-2.006868687	1.6268686865	-0.405219292	13.448183219	9.5102090424	16.7206614	11.439283488	1	1	0	1	1	1	0	1	1	1	1	0
100232	0.696	3	1	-1	-3	0.292199936	-0.292199936	-0.567800064	-0.475692745	8.7784233453	13.359469171	17.168708786	8.821298336	0	0	0	0	0	0	1	0	1	0	1	1
100233	-0.871	1	1	-1	-1	-1.108224507	1.1082245075	-1.008224507	-2.316036404	8.6985184266	14.783541696	12.741460517	6.7614048977	0	0	0	0	0	0	1	0	0	0	0	0
100234	-1.469	0	-1	-1	0	-1.387445537	1.3874455369	-0.807445537	-0.963729456	6.6007972571	12.382864234	9.4034829353	6.8424001445	0	0	0	0	0	0	0	0	0	0	0	0
100235	-1.193	-2	-1	-1	2	-1.129401242	1.1294012417	0.4105987583	-0.508738227	10.672796303	9.0921389317	8.1816467363	9.1800099807	0	0	0	0	0	0	0	0	0	1	0	0
100236	0.918	0	1	-1	0	0.5015421736	-0.501542174	1.0815421736	1.1294605285	14.019275081	16.763919103	12.750294837	12.461353985	0	0	0	1	0	1	1	1	1	0	1	0
100237	-0.879	1	-1	-1	-1	-0.697534039	0.6975340386	-0.597534039	0.4946187031	9.9965914185	10.508268392	9.7185527077	15.89830883	1	0	0	0	0	0	0	0	0	0	0	0
100238	0.278	0	1	-1	0	0.9306829785	-0.930682979	1.5106829785	-0.3039804	10.171096683	12.264709982	11.450992907	7.960748674	1	0	0	0	0	1	1	0	0	1	0	0
100239	-0.668	1	-1	-1	-1	0.7317953344	-0.731795334	0.8317953344	-0.510786902	6.8259179986	12.313362099	12.077671723	12.065956682	0	1	0	0	0	0	0	0	0	0	0	0
100240	-0.234	1	-1	-1	-1	0.264364794	-0.264364794	0.364364794	-0.098440584	12.864621652	10.900332455	13.044164372	8.2019148273	0	0	0	1	0	0	1	0	0	0	0	0
100241	-1.627	-1	1	-1	1	-0.032555572	0.032555572	1.027444428	1.0462859259	12.138654464	11.316261378	10.356502652	12.923778219	0	0	0	0	0	0	0	0	0	0	0	0
100242	1.401	1	-1	-1	-1	1.4189345889	-1.418934589	1.5189345889	0.3139101368	9.1969797069	13.917003816	14.241234676	13.715795182	1	0	1	1	1	1	0	0	1	1	0	1
100243	-1.318	1	-1	-1	-1	-0.507018897	0.507018897	-0.407018897	1.4528054631	11.936429245	11.048243757	17.13198985	15.665127188	0	0	0	0	0	0	0	0	0	0	0	0
100244	-1.45	0	-1	-1	0	-0.79011335	0.7901133504	-0.21011335	-0.199866145	10.806001698	9.5969079301	11.136698964	11.650417012	0	0	0	0	0	0	0	0	0	0	0	0
100245	0.528	0	-1	-1	0	0.5000510148	-0.500051015	1.0800510148	1.3022248557	11.671344113	9.293199419	10.790604454	11.576122097	1	1	0	0	0	0	1	1	1	0	0	1
100246	-1.474	0	-1	-1	0	-1.156653876	1.1566538759	-0.576653876	-1.590435465	6.7497282408	13.57758674	9.4291049991	9.6182046404	0	0	0	0	0	0	0	0	0	0	0	0
100247	1.751	1	-1	-1	-1	1.6995722695	-1.69957227	1.7995722695	0.2949082199	9.2755062039	13.246062763	16.679751641	12.297291122	1	1	0	1	0	1	1	1	1	1	1	1
100248	-1.419	0	1	-1	0	-0.689135552	0.6891355523	-0.109135552	-1.34305115	8.5402840721	7.8422917818	11.850637893	9.5568175979	0	0	0	0	0	0	0	0	0	0	0	0
100249	0.279	2	-1	-1	-2	0.8363056979	-0.836305698	0.4563056979	1.9806674103	11.156436881	13.659398764	12.418526463	15.629875289	1	0	0	0	1	0	0	0	0	0	1	0
100250	-0.77	1	-1	-1	-1	-0.435400438	0.4354004378	-0.335400438	2.0195754365	9.0354278632	10.032202609	11.312406569	13.809393002	0	0	0	0	0	0	0	1	0	0	0	0
100251	0.587	0	1	1	0	0.4575338725	0.4575338725	-0.082466127	0.7672144298	11.58408142	8.089165442	9.2366761494	14.397169014	1	0	1	0	0	0	1	1	0	1	1	0
100252	1.703	1	-1	1	1	0.9928135376	0.9928135376	0.2528135376	-1.959211145	8.1530733762	10.854308262	9.2746305385	7.3326990738	1	1	1	1	0	1	1	0	1	1	1	1
100253	-1.023	-3	1	1	-3	-1.565415354	-1.565415354	-1.505415354	-1.344578158	3.5973263421	8.1583725214	2.4169746037	7.9975592152	0	0	1	0	0	0	0	0	0	0	0	0
100254	-0.795	-3	1	1	-3	-0.330505265	-0.330505265	-0.270505265	-0.230122677	8.6959604221	8.3699913079	8.8524222841	8.0136974909	0	0	1	0	0	0	1	0	0	0	0	0
100255	0.523	-2	-1	1	-2	0.9408210301	0.9408210301	0.8008210301	0.941021485	8.4614051757	11.596582514	7.0653596805	10.063824875	1	0	1	1	1	0	0	0	1	0	1	0
100256	0.724	1	1	1	1	-0.006392309	-0.006392309	-0.746392309	-1.239169281	9.4907886653	12.837408227	8.6794025414	9.7092568666	0	1	1	1	0	0	0	0	1	0	0	1
100257	0.455	0	1	1	0	-0.087752364	-0.087752364	-0.627752364	0.9780243687	6.3373335807	7.2588831157	7.2695379542	12.841582607	1	0	1	0	0	0	1	0	0	1	0	1
100258	0.637	-1	-1	1	-1	0.4962690564	0.4962690564	0.1562690564	0.3349140648	8.6924240793	12.093025669	5.5134329699	9.3424474463	0	1	1	0	1	1	0	0	1	1	0	0
100259	-0.489	-2	1	1	-2	-0.129674726	-0.129674726	-0.269674726	1.0138303064	6.302597078	6.7930914809	11.905391191	8.5537834856	0	0	1	0	0	0	0	0	1	0	0	0
100260	1.751	-1	1	1	-1	1.3971053638	1.3971053638	1.0571053638	1.9439623907	12.771121948	11.504003886	12.939810213	12.987389937	1	1	1	1	1	0	1	1	1	1	1	1
100261	1.401	-1	1	1	-1	1.7869450195	1.7869450195	1.4469450195	-0.152541212	10.431684443	11.659217364	7.695918988	5.9961549586	1	0	1	0	1	1	0	1	1	1	1	1
100262	-0.281	-1	1	1	-1	-1.059359609	-1.059359609	-1.399359609	0.4133059895	7.1982478954	6.4978830645	11.342130707	5.9342337088	0	1	0	0	0	0	0	0	0	1	0	0
100263	-0.052	-2	1	1	-2	-0.022475131	-0.022475131	-0.162475131	-0.526722501	8.3472158389	11.210148628	6.1487293812	9.95171139	1	0	1	0	0	0	0	1	1	0	0	0
100264	0.73	-1	1	1	-1	0.3200737238	0.3200737238	-0.019926276	-0.296143536	10.779959353	8.1529583045	11.186536733	8.9872478937	1	0	1	0	0	0	0	0	1	1	1	1
100265	-0.489	-1	1	1	-1	0.2079716711	0.2079716711	-0.132028329	0.3440599177	13.186054455	9.5539145767	10.285590563	13.95024971	1	0	1	0	0	0	0	0	0	0	0	0
100266	0.24	-1	-1	1	-1	0.204007513	0.204007513	-0.135992487	-0.124087416	8.0597051995	9.3643577547	7.5456195537	7.5708128449	1	1	0	0	1	0	0	1	1	0	0	0
100267	1.144	1	-1	1	1	0.6520833233	0.6520833233	-0.087916677	-0.596918242	10.730119584	9.2036684443	11.242036218	7.8718868242	1	1	1	0	1	0	1	0	0	1	1	1
100268	0.651	-2	1	1	-2	0.274979889	0.274979889	0.134979889	0.9160328352	9.4779651129	6.6331005583	8.2438241364	12.00198251	0	0	1	1	0	0	0	1	1	1	1	0
100269	0.753	0	1	1	0	0.42269587	0.42269587	-0.11730413	1.3617174771	10.27831764	8.1807642673	5.9439762743	18.090078287	0	0	1	1	1	0	1	1	0	1	0	0
100270	0.629	-1	1	1	-1	0.8560775114	0.8560775114	0.5160775114	-0.323695193	14.067218926	10.849443208	12.045023932	12.13251872	0	1	1	0	0	0	1	1	0	1	0	1
100271	-0.65	-2	1	1	-2	-0.359074406	-0.359074406	-0.499074406	0.9405491324	8.7718704917	8.3887864469	11.97322952	9.6111325931	0	0	0	0	0	0	1	1	0	0	0	0
100272	-1.49	-3	-1	1	-3	-0.303464125	-0.303464125	-0.243464125	-0.096716226	10.499167174	5.7826787384	6.8322234936	6.6926498697	0	0	0	0	0	0	0	0	0	0	0	0
100273	0.023	-1	1	1	-1	0.8057418386	0.8057418386	0.4657418386	0.0354461373	9.2127924993	11.373716466	10.676926311	12.386485012	1	0	1	0	0	0	1	0	0	1	0	0
100274	-0.011	-2	1	1	-2	0.8078814731	0.8078814731	0.6678814731	0.7719123914	8.7849328143	7.9291138096	6.4448262104	8.3776635699	1	1	1	0	0	0	0	1	0	0	0	0
100275	0.109	-2	-1	1	-2	-0.111189357	-0.111189357	-0.251189357	-1.695283743	4.2672954411	4.5312449299	11.207676083	5.3906299481	1	1	0	0	1	0	1	0	0	1	0	0
100276	-0.523	1	-1	1	1	-0.272949289	-0.272949289	-1.012949289	-0.469668676	8.6664716049	12.12260206	11.08876088	9.4759150147	0	1	0	0	0	0	1	0	0	0	0	0
100277	-1.362	-2	-1	1	-2	-0.417867167	-0.417867167	-0.557867167	-0.144409499	14.012589138	8.1184810186	2.7771446847	9.4286106447	0	0	0	0	0	0	0	0	0	0	0	0
100278	1.531	-1	1	1	-1	0.9691851493	0.9691851493	0.6291851493	0.3996208127	17.103485467	9.3411385431	10.620799092	9.2624913998	1	1	1	1	1	1	1	0	1	1	1	0
100279	0.304	-1	-1	1	-1	-0.145723137	-0.145723137	-0.485723137	-0.921907586	13.933629719	2.6466839403	6.7715442873	2.8690638486	1	1	0	0	0	0	0	1	0	1	0	1
100280	1.755	1	1	1	1	1.3014419312	1.3014419312	0.5614419312	-0.447733732	9.7890452713	10.94289106	10.99214064	7.8796914002	1	1	1	1	1	1	0	0	0	1	1	1
100281	-0.437	0	1	1	0	-0.144070078	-0.144070078	-0.684070078	-0.666473692	5.384975761	11.046150417	8.5059139583	8.0977097112	0	0	1	0	0	0	1	0	0	0	0	0
100282	-0.105	0	1	1	0	0.3333881215	0.3333881215	-0.206611878	-0.369147119	7.3041950234	6.5459580735	9.0747769756	8.1494375703	1	0	1	0	0	0	0	0	1	0	0	0
100283	-0.811	-1	-1	1	-1	-0.669490081	-0.669490081	-1.009490081	0.1075437822	12.2843553	11.109372623	5.0345119365	1.8918832956	0	1	0	0	0	0	0	0	0	0	0	0
100284	0.048	-2	1	1	-2	0.7006303132	0.7006303132	0.5606303132	0.1742626244	9.4304982707	9.9674970643	9.0105705772	9.4674715191	1	1	0	1	0	0	1	0	0	0	0	0
100285	0.119	-1	-1	1	-1	0.0842793034	0.0842793034	-0.255720697	-0.217426673	12.264387535	8.9514506047	11.921940944	6.1301390153	0	0	0	1	1	1	0	0	0	0	0	0
100286	0.107	-3	1	1	-3	0.9260382821	0.9260382821	0.9860382821	2.4903507196	13.042241051	11.932374295	11.108306489	13.153676959	0	0	1	0	0	0	1	0	0	0	1	1
100287	-0.096	-1	-1	1	-1	0.4600836302	0.4600836302	0.1200836302	1.206014697	12.305169397	13.578627576	9.7492249583	10.793031556	1	1	0	0	0	0	0	1	1	0	0	0
100288	0.337	-2	1	1	-2	0.4425587898	0.4425587898	0.3025587898	-0.05646437	13.869815136	9.4771093398	10.912380006	10.836360648	1	0	1	0	1	0	0	0	1	1	0	0
100289	1.333	-1	1	1	-1	0.7207553955	0.7207553955	0.3807553955	-0.388040261	10.809320034	9.648237655	8.5989471776	10.870299074	1	1	1	1	0	1	0	1	1	1	0	1
100290	-0.806	0	1	1	0	-0.896269202	-0.896269202	-1.436269202	-1.399435204	11.385505795	9.181683967	10.215557736	8.9925048677	0	0	0	0	0	0	1	0	0	0	0	0
100291	0.963	-1	1	1	-1	1.266036876	1.266036876	0.926036876	1.2124301191	10.335779024	9.3198547654	6.4659736847	13.629396021	1	1	1	0	1	0	0	1	0	0	1	1
100292	-1.124	-2	-1	1	-2	-0.661264826	-0.661264826	-0.801264826	0.0127029147	9.6140332979	4.4445620757	9.705447321	7.7994595889	0	0	0	0	0	0	1	0	0	0	0	0
100293	-0.488	-1	1	1	-1	-1.309417362	-1.309417362	-1.649417362	-1.261797085	8.4133002011	11.801055339	10.520374811	6.6675429735	0	0	0	0	0	0	1	0	1	0	0	0
100294	-0.13	-1	-1	1	-1	-0.523378276	-0.523378276	-0.863378276	-0.78961132	11.298064203	9.9069568476	7.3215824588	6.4317876905	0	1	0	1	0	0	0	1	0	0	0	0
100295	-0.336	-2	1	1	-2	0.2357978784	0.2357978784	0.0957978784	0.2093704663	10.419809631	6.9247008655	8.1105140543	9.295713006	0	0	1	0	0	0	1	1	0	0	0	0
100296	0.422	-2	1	1	-2	0.4223153231	0.4223153231	0.2823153231	0.472370784	6.1471619148	6.6279061366	6.6053904044	8.5303229898	1	1	1	0	0	0	0	1	1	1	0	0
100297	0.001	1	1	1	1	-0.104769183	-0.104769183	-0.844769183	-1.059518894	5.2489965523	12.741454976	10.084357692	6.1670770577	1	0	0	0	0	0	0	1	0	1	0	0
100298	0.211	-1	1	1	-1	0.5201837123	0.5201837123	0.1801837123	-0.440478555	15.192681339	6.9570463849	6.4723585264	8.1983223589	0	1	1	0	0	0	0	0	1	1	0	0
100299	0.762	-2	1	1	-2	0.6908667988	0.6908667988	0.5508667988	0.6906532154	11.409102559	6.236711688	8.1299511566	15.332714894	1	1	1	1	1	0	1	0	0	0	1	0
100300	0.571	0	-1	1	0	0.6594127547	0.6594127547	0.1194127547	0.393601064	12.103611718	9.6390567465	10.32488753	10.940706337	0	1	0	1	1	0	0	0	1	0	1	0
100301	-0.174	0	-1	1	0	-0.25563763	-0.25563763	-0.79563763	0.2575314663	11.474348954	6.3664675342	6.0850476366	5.9309606468	0	0	1	0	1	0	1	0	0	0	0	0
100302	-0.844	-2	1	1	-2	0.16844425	0.16844425	0.02844425	-0.593977095	11.474193365	10.349644699	5.377714924	11.067558119	0	0	1	0	0	0	0	0	0	0	0	0
100303	-0.468	-2	-1	1	-2	-0.061078482	-0.061078482	-0.201078482	0.1428322072	14.941787384	7.1507706339	8.3725088734	6.7324420321	0	1	0	0	1	0	0	0	0	0	0	0
100304	0.407	-3	-1	1	-3	0.2404311679	0.2404311679	0.3004311679	0.2726430958	11.170859567	9.3928475702	12.33854305	8.2091672891	0	1	1	1	0	0	1	1	1	1	0	0
100305	-0.24	-2	1	1	-2	0.0685163355	0.0685163355	-0.071483665	0.6456365246	9.7521325638	7.0670409221	10.492105308	15.690854853	1	0	1	0	0	0	0	0	0	1	0	0
100306	0.181	-1	1	1	-1	0.4892635752	0.4892635752	0.1492635752	-1.141471828	9.1958530786	7.1837194068	7.4274197734	9.4931882896	0	0	1	1	0	0	1	0	1	0	0	0
100307	0.073	-1	1	1	-1	0.3304965786	0.3304965786	-0.009503421	-0.181728152	11.273936259	10.075529459	10.159845633	9.6331021362	0	0	1	0	0	0	0	0	0	1	1	0
100308	-0.234	-1	-1	1	-1	-0.143969474	-0.143969474	-0.483969474	1.4187036833	9.7781676583	8.849573532	9.7805467802	11.608266209	1	0	0	0	1	0	0	1	0	0	0	0
100309	0.857	-3	1	1	-3	1.1457864596	1.1457864596	1.2057864596	-0.582888684	12.777397094	13.909786924	9.9873874613	5.9601823033	0	1	1	1	1	1	0	1	0	0	1	0
100310	-0.493	-2	-1	1	-2	0.0982133124	0.0982133124	-0.041786688	-0.459237309	10.833281022	7.3154748616	9.8869860914	5.8690463982	0	0	0	0	0	0	0	0	1	0	1	0
100311	0.222	-1	1	1	-1	0.4723579656	0.4723579656	0.1323579656	0.7432382334	10.120923348	7.6940139242	7.0107756026	10.31088445	1	1	1	1	0	0	0	0	0	0	0	0
100312	-0.918	0	-1	1	0	0.0031397009	0.0031397009	-0.536860299	0.8293119532	8.366685257	5.6888974422	6.8507849238	6.8258153593	0	0	0	0	0	0	1	0	0	0	0	0
100313	1.891	1	-1	1	1	1.0926451604	1.0926451604	0.3526451604	0.5438080992	14.282064067	6.9421862451	11.060469933	9.852307316	1	1	1	1	1	1	0	1	1	0	1	1
100314	-0.444	0	1	1	0	0.1043880358	0.1043880358	-0.435611964	-2.13557867	8.1410587379	13.298673537	11.959675687	7.927610196	0	0	0	0	0	0	1	1	0	0	0	0
100315	-0.881	-4	1	1	-4	-0.728622331	-0.728622331	-0.468622331	-0.165577517	6.7431177807	4.7839479113	6.5072010062	6.1160331227	0	0	0	0	0	0	0	1	1	0	0	0
100316	0.241	-1	-1	1	-1	0.2405978135	0.2405978135	-0.099402186	0.0003561151	14.390621769	9.8060803829	5.7265685634	6.5095442501	1	0	0	1	1	0	1	1	0	0	0	0
100317	-0.046	-1	-1	1	-1	-0.176306488	-0.176306488	-0.516306488	1.3981781315	10.732564398	10.486667108	8.8307342149	6.1853095496	1	1	0	0	1	0	1	0	0	0	0	0
100318	-0.35	-2	-1	1	-2	0.4899671224	0.4899671224	0.3499671224	-0.712554995	7.3239416242	8.7195959071	9.8138890639	9.5619976605	0	0	1	1	0	0	1	0	0	0	0	0
100319	-1.194	0	-1	1	0	-1.727523969	-1.727523969	-2.267523969	-1.71360269	13.666623271	4.5307836259	7.5300940865	5.9377149606	0	0	0	0	0	0	0	0	0	0	0	0
100320	2.045	0	-1	1	0	2.3857500757	2.3857500757	1.8457500757	1.0456602788	11.465191981	13.011345814	13.75536122	10.886813167	1	1	1	1	1	1	1	0	1	1	1	1
100321	-0.89	-1	1	1	-1	-0.425767615	-0.425767615	-0.765767615	-0.824065787	12.026308562	9.2547860074	8.995845624	11.544190846	1	0	0	0	0	0	0	0	0	0	0	0
100322	0.328	-3	1	1	-3	0.5135387171	0.5135387171	0.5735387171	0.3953816914	10.650175796	11.988204323	11.372882289	7.9649769813	1	1	1	0	0	0	1	1	0	0	0	1
100323	-0.491	-2	1	1	-2	-0.131917632	-0.131917632	-0.271917632	0.6667425724	9.8121740379	7.2928442944	10.461135324	9.7936186637	0	0	1	0	0	0	0	0	1	0	0	0
100324	1.555	2	-1	1	2	2.1895342422	2.1895342422	1.2495342422	1.4022527698	12.37297754	14.308542088	11.926102433	14.599697336	1	1	1	1	1	1	0	1	0	1	1	0
100325	1.121	1	1	1	1	1.0913082203	1.0913082203	0.3513082203	0.0652059446	8.4433917745	11.405030477	2.042364043	13.627092596	0	1	1	0	0	1	1	0	0	1	1	1
100326	0.298	-2	1	1	-2	0.0037943379	0.0037943379	-0.136205662	0.050564206	6.4936209971	7.0963123256	8.4462577638	7.9609771078	0	1	0	0	0	1	0	1	0	0	1	0
100327	-1.006	-2	1	1	-2	-0.945580455	-0.945580455	-1.085580455	1.0671687562	9.5243397639	7.0693558625	9.5402589021	5.0258062629	0	0	0	0	0	0	1	0	0	0	0	0
100328	-0.604	1	1	1	1	-0.048882061	-0.048882061	-0.788882061	-0.503204057	13.336679073	9.4401695131	7.5482893635	14.1506785	0	0	1	0	0	0	0	0	0	0	0	0
100329	-0.311	-2	1	1	-2	-0.183726558	-0.183726558	-0.323726558	-0.969159644	10.819546905	11.137121134	10.336325143	7.0744354965	0	0	1	0	0	0	1	0	1	0	0	0
100330	-1.332	-1	-1	1	-1	-2.491634829	-2.491634829	-2.831634829	-1.171239914	10.442624842	4.4106580795	8.9085021154	4.7647478886	0	0	0	0	0	0	0	0	0	0	0	0
100331	0.231	-1	1	1	-1	0.048976498	0.048976498	-0.291023502	0.0333829338	7.455328571	8.1125884357	6.432413208	12.009082874	0	0	1	0	1	0	0	1	1	0	0	0
100332	1.454	-1	-1	1	-1	1.1665343563	1.1665343563	0.8265343563	0.9222682159	6.2271814018	6.9248085457	8.0892787287	13.101804095	1	1	0	1	1	0	1	1	1	1	1	1
100333	1.884	0	-1	1	0	2.6600987359	2.6600987359	2.1200987359	0.8931309977	12.772749744	12.30763622	9.870261684	12.656064387	0	1	1	1	1	1	0	1	1	1	1	1
100334	0.111	-2	1	1	-2	0.0425395219	0.0425395219	-0.097460478	0.6618074447	12.556157607	11.816128551	6.9860345594	7.6919848678	0	1	0	0	1	0	1	0	1	0	0	0
100335	-0.374	-2	-1	1	-2	0.1065860351	0.1065860351	-0.033413965	-0.848105383	10.963414904	6.7027283997	7.1200813614	7.8425928089	1	1	0	0	0	0	0	0	0	1	0	0
100336	0.248	0	-1	1	0	0.6985376501	0.6985376501	0.1585376501	1.2083765194	10.023660672	8.0656450599	14.067692877	8.3922917498	0	1	0	0	1	0	1	0	0	0	0	1
100337	0.366	-1	-1	1	-1	1.0282240572	1.0282240572	0.6882240572	0.6982293618	10.193385206	12.578036792	5.3453648881	9.0437196718	1	0	0	0	1	0	1	1	1	1	0	0
100338	0.032	-2	-1	1	-2	-0.137245569	-0.137245569	-0.277245569	-0.079904766	7.6497385438	5.2293250255	11.457210317	9.8556823393	0	1	0	0	1	1	1	0	0	0	0	0
100339	-0.626	-2	1	1	-2	-0.253102281	-0.253102281	-0.393102281	-0.997634764	6.7886009109	9.4215171907	7.1823705873	6.5032577817	0	0	1	0	0	0	1	0	0	0	0	0
100340	0.648	0	1	1	0	0.4969039585	0.4969039585	-0.043096042	-1.419556829	10.580363866	8.5621391853	13.266189408	5.0755832545	1	1	1	0	0	0	0	1	1	0	1	0
100341	1.102	-2	1	1	-2	1.0403849535	1.0403849535	0.9003849535	0.3027135332	10.070718608	7.7143042089	7.7221765484	10.980344494	0	0	1	1	1	0	1	1	0	1	1	1
100342	-0.052	-1	-1	1	-1	0.8131691908	0.8131691908	0.4731691908	-0.716159762	10.416028855	12.743699978	9.9630577473	6.2147443439	1	1	0	0	1	0	1	0	0	0	0	0
100343	0.899	-1	1	1	-1	0.3733135156	0.3733135156	0.0333135156	0.1149585809	10.934356554	7.8915760368	10.77490804	11.571782781	0	0	1	0	1	1	1	1	1	0	1	0
100344	0.702	1	-1	1	1	0.2577112565	0.2577112565	-0.482288744	1.6715636917	10.251541238	10.087497601	10.001448021	14.913808194	1	1	0	1	1	1	1	0	0	0	0	0
100345	-0.48	-1	1	1	-1	-0.251591863	-0.251591863	-0.591591863	-1.45355173	9.261600853	3.7888657864	9.1908836386	6.3170614421	1	0	1	0	0	0	0	0	0	0	0	0
100346	0.566	0	-1	1	0	0.8556306626	0.8556306626	0.3156306626	-0.439373286	8.8510932934	6.2008325423	11.325504943	7.4276419291	1	1	0	1	1	0	0	0	0	0	0	1
100347	-1.074	0	1	1	0	-0.841022798	-0.841022798	-1.381022798	-0.200633646	10.454122507	7.0919215764	6.8492236762	9.2311073289	0	0	0	0	0	0	0	0	0	0	0	0
100348	1.005	-1	1	1	-1	0.8952707546	0.8952707546	0.5552707546	0.5001368705	9.4656628747	9.8353814322	8.8026452023	7.2979645948	1	1	1	1	1	0	1	1	0	0	0	1
100349	0.837	-3	-1	1	-3	1.0646030659	1.0646030659	1.1246030659	1.0059016702	12.904577762	2.4670169886	9.7782104255	7.8533175228	0	1	1	0	1	0	0	1	1	1	1	1
100350	0.483	-1	1	1	-1	0.1110751139	0.1110751139	-0.228924886	-1.718231898	14.288275415	7.9448999429	9.3892152788	10.402816848	0	0	1	1	0	0	1	0	1	0	1	0
100351	0.278	-2	-1	1	-2	0.5742757283	0.5742757283	0.4342757283	-0.042456813	6.803768533	6.2259010219	10.323731243	8.8448225558	0	1	0	0	1	0	1	0	1	0	0	1
100352	0.767	-2	1	1	-2	0.8799733678	0.8799733678	0.7399733678	-0.214344628	12.387763282	7.7158025633	12.612372485	8.4847637549	0	1	1	0	1	0	0	0	1	0	1	1
100353	1.143	-2	1	1	-2	1.1169091819	1.1169091819	0.9769091819	-0.672344221	10.673355014	10.376615713	11.352102125	8.9605339595	1	1	1	1	0	1	1	0	1	1	0	1
100354	1.008	-2	1	1	-2	0.6621082901	0.6621082901	0.5221082901	-1.448098494	10.075494912	1.8402180756	9.3592981677	8.6254567426	1	0	1	1	1	1	0	1	1	1	0	0
100355	-0.232	-2	1	1	-2	0.2066570231	0.2066570231	0.0666570231	0.6367545884	10.144218606	7.5842735687	9.4563399976	11.1056699	1	0	1	0	0	0	0	0	0	1	0	0
100356	-1.124	-3	1	1	-3	-0.555078133	-0.555078133	-0.495078133	0.3734573892	12.154949577	9.5612806194	11.211218052	6.239743959	1	0	0	0	0	0	0	0	0	0	0	0
100357	0.435	-2	1	1	-2	0.1415968442	0.1415968442	0.0015968442	0.84978058	5.5773360234	11.496670812	7.8261984614	5.4172372476	1	1	1	0	0	1	1	1	0	0	0	0
100358	0.302	-1	1	1	-1	-0.267105761	-0.267105761	-0.607105761	-0.444338455	6.968795331	8.8662746419	9.422611168	9.6500716608	1	0	1	1	0	0	1	1	0	0	0	0
100359	0.728	0	1	1	0	0.6284362997	0.6284362997	0.0884362997	0.991175843	12.342824679	14.204636826	12.863727935	10.625056477	0	0	1	0	1	1	1	1	1	0	0	0
100360	-1.017	-3	1	1	-3	0.1635646943	0.1635646943	0.2235646943	0.8319388745	8.5168812534	7.7624215027	8.7311045368	5.255265963	0	0	1	0	0	0	0	0	0	0	0	0
100361	-0.362	0	1	1	0	-0.13954318	-0.13954318	-0.67954318	-0.446978077	10.054231202	10.973629011	10.814131667	8.5530380621	1	1	0	0	0	0	0	0	0	0	0	0
100362	-0.549	-3	1	1	-3	0.006135988	0.006135988	0.066135988	0.305237434	13.14575494	10.041963465	10.011263358	4.0087073123	1	0	0	0	0	0	1	0	1	0	0	0
100363	-0.097	1	1	1	1	0.5027851207	0.5027851207	-0.237214879	0.7762640002	10.887986584	11.998018393	9.1157074154	17.082067759	1	0	1	0	0	0	0	1	0	0	0	0
100364	-0.269	0	1	1	0	0.2910400285	0.2910400285	-0.248959971	0.5456965601	13.703720487	11.868979078	10.918641557	12.434021693	0	1	1	0	0	0	0	0	0	0	0	0
100365	0.304	-1	1	1	-1	0.6276795924	0.6276795924	0.2876795924	1.8006780379	11.145944813	6.880729686	12.181685016	13.959293242	1	0	1	0	1	0	1	1	0	0	0	0
100366	-0.254	-2	1	1	-2	0.0257431934	0.0257431934	-0.114256807	-0.451731292	10.939699473	9.4976219334	6.1938451292	10.211598207	0	0	1	0	0	0	1	0	0	1	0	0
100367	1.464	-1	-1	1	-1	1.7459538207	1.7459538207	1.4059538207	0.3331389589	12.967439609	9.3300478958	14.765361639	11.253414586	1	1	1	1	1	0	1	0	1	1	1	1
100368	0.482	0	1	1	0	0.3883937945	0.3883937945	-0.151606205	-1.237523211	9.5777894929	9.127003067	11.305048687	10.657311506	1	1	1	0	0	0	1	1	1	0	0	0
100369	-0.325	0	1	1	0	0.1252010698	0.1252010698	-0.41479893	-0.029516542	9.6913890228	9.9136791742	9.9383366572	14.088816032	0	0	1	0	0	0	0	1	0	0	0	0
100370	-0.649	-3	1	1	-3	-0.777302284	-0.777302284	-0.717302284	0.2884079976	7.175854133	10.835597603	12.016244825	8.9321287308	0	0	1	0	0	0	0	0	1	0	0	0
100371	-0.304	-3	1	1	-3	0.1314066501	0.1314066501	0.1914066501	-0.043608874	12.906797096	3.0453841298	7.6161541455	6.9140395971	1	0	0	0	1	0	0	1	0	0	0	0
100372	-1.133	-3	-1	1	-3	-1.053643037	-1.053643037	-0.993643037	0.2183364398	6.5807055043	11.754464973	10.263710246	5.3577675435	0	0	0	0	0	0	0	1	0	0	0	0
100373	-0.133	0	1	1	0	0.7191386994	0.7191386994	0.1791386994	1.533355149	11.155363638	7.6000197537	13.928616405	10.699647781	0	0	1	0	1	0	0	0	0	0	0	0
100374	1.378	-2	1	1	-2	1.3589068492	1.3589068492	1.2189068492	1.5348126381	13.611259219	9.8218534007	6.7904462823	15.066106345	1	1	1	1	1	1	1	1	0	1	0	1
100375	1.594	-2	1	1	-2	1.3964206077	1.3964206077	1.2564206077	1.889281218	10.755908441	11.682441857	7.8507720929	14.130449382	1	1	1	1	1	1	0	0	1	1	1	1
100376	0.368	-1	1	1	-1	-0.132906739	-0.132906739	-0.472906739	0.0600011268	9.9623511457	10.719380358	6.6639487691	10.970376328	0	0	1	0	1	0	1	1	1	0	0	0
100377	0.976	0	1	1	0	0.5843486638	0.5843486638	0.0443486638	0.9556819503	9.2480134874	12.011376136	10.129787895	14.333383168	1	1	1	1	0	1	1	0	0	0	0	1
100378	1.979	1	-1	1	1	2.468070547	2.468070547	1.728070547	0.2060615485	11.995057181	13.950268564	15.294436451	9.2796969682	1	1	1	1	1	1	1	1	1	1	0	1
100379	-0.654	-1	1	1	-1	-1.201449172	-1.201449172	-1.541449172	-0.540567181	9.3459107082	6.1879313966	9.7340904169	7.842506121	0	0	0	0	0	0	0	0	0	1	0	0
100380	0.595	-2	1	1	-2	0.8899266347	0.8899266347	0.7499266347	0.9609297651	8.6938464612	9.155335613	10.710728059	6.624143918	0	0	1	1	0	0	1	0	1	1	1	0
100381	0.107	-2	-1	1	-2	0.0376664911	0.0376664911	-0.102333509	-1.896529498	11.367687848	9.2280434311	11.436608569	2.3346929274	0	1	1	0	1	0	1	1	0	0	0	0
100382	-0.725	-2	-1	1	-2	-0.450806039	-0.450806039	-0.590806039	1.0776940123	9.9222077489	6.7773290875	7.2676777519	8.5753061522	0	1	0	0	0	0	1	0	0	0	0	0
100383	-0.293	0	1	1	0	-0.081521775	-0.081521775	-0.621521775	-0.953155194	9.3610357128	10.423714165	13.509203106	6.249184439	0	0	1	0	0	0	0	0	1	0	0	0
100384	0.193	-2	1	1	-2	-0.062648976	-0.062648976	-0.202648976	-0.733972731	13.599522425	8.3072948139	7.1532745973	12.689011132	0	0	1	0	0	0	0	1	1	0	0	1
100385	-0.318	-2	1	1	-2	-0.809480354	-0.809480354	-0.949480354	-0.276306882	11.531630134	8.7444998071	9.3646750999	5.6064955324	1	0	1	0	0	0	0	1	0	0	0	0
100386	0.491	-3	1	1	-3	0.6876471634	0.6876471634	0.7476471634	2.4628390327	14.048613411	4.8679751325	10.229269884	9.1524157966	0	1	1	0	1	0	1	0	0	1	1	0
100387	-0.853	-2	1	1	-2	-0.457478448	-0.457478448	-0.597478448	0.6579274353	9.4213832602	5.4034927198	9.2626459861	9.2838955336	0	0	1	0	0	0	0	0	0	0	0	0
100388	1.425	0	-1	1	0	1.1115855286	1.1115855286	0.5715855286	-1.285736986	15.488251505	7.8271265599	9.5263614179	11.086380515	1	0	1	1	1	1	1	0	1	0	1	1
100389	0.371	-1	1	1	-1	0.1863677849	0.1863677849	-0.153632215	0.5706008077	9.7024728366	8.6805185915	9.0224815536	7.4192313754	0	0	1	1	1	0	0	0	1	0	0	0
100390	1.963	0	1	1	0	1.6626379513	1.6626379513	1.1226379513	-0.644884482	10.807057055	11.714057502	11.753510585	9.3531416092	0	1	1	1	1	1	0	1	1	1	1	1
100391	-1.186	-3	1	1	-3	-1.015971741	-1.015971741	-0.955971741	0.5582867286	5.6041227939	7.3164899924	5.415075159	9.3721352128	0	0	0	0	0	0	1	0	0	0	0	0
100392	-0.149	-2	1	1	-2	0.909544126	0.909544126	0.769544126	2.2154657899	7.2857165993	10.079381863	9.6562644675	11.516884261	1	0	1	0	0	0	1	1	0	0	0	0
100393	0.163	0	-1	1	0	0.0990860154	0.0990860154	-0.440913985	0.0398212575	11.45103173	11.356788925	4.769499135	7.3476402007	0	1	1	0	0	1	0	1	0	0	0	0
100394	-0.209	-2	-1	1	-2	-0.127310305	-0.127310305	-0.267310305	0.002506088	7.4666369436	6.3012073168	7.8927966526	3.9301007516	0	1	0	0	1	0	0	0	1	0	0	0
100395	-0.327	-2	1	1	-2	0.1634097931	0.1634097931	0.0234097931	-0.586056213	13.87542015	11.688020889	8.8320081947	8.390810153	0	0	1	1	0	0	0	0	0	0	0	0
100396	-0.605	-2	1	1	-2	-0.1089502	-0.1089502	-0.2489502	-0.635686157	10.523580342	8.6009370688	8.8115127343	6.9302515441	0	0	0	0	0	1	0	0	0	0	0	0
100397	-0.321	0	1	1	0	0.1290580407	0.1290580407	-0.410941959	0.6133114436	9.5585504218	13.214759414	10.145867892	9.4294570381	0	0	1	0	0	0	0	1	0	0	0	0
100398	-0.738	-2	-1	1	-2	-0.298698531	-0.298698531	-0.438698531	-0.253683558	8.2484964283	5.7240028173	9.8536506858	7.0481675523	1	0	0	0	0	0	0	0	1	0	0	0
100399	-1.639	-4	1	1	-4	-0.3150001	-0.3150001	-0.0550001	-0.979702763	7.9131382341	5.6455204172	9.0827130241	8.379436192	0	0	0	0	0	0	0	0	0	0	0	0
100400	1.909	0	1	1	0	1.8357039722	1.8357039722	1.2957039722	1.0469262385	12.546236532	9.1489722771	11.006271292	11.411984459	1	1	1	0	1	1	1	1	1	1	1	1
100401	1.659	0	1	1	0	1.2616531365	1.2616531365	0.7216531365	0.4699783978	12.515457235	12.049367732	11.163508873	7.9253008299	1	1	0	1	1	1	0	0	1	1	1	1
100402	1.606	0	-1	1	0	1.2155521331	1.2155521331	0.6755521331	-0.227052427	10.825204322	10.959202664	7.7303244356	8.8620864716	1	1	1	1	1	0	1	0	1	1	1	1
100403	-0.651	0	1	1	0	0.1107609367	0.1107609367	-0.429239063	-0.599838292	10.93089755	9.9797790674	9.5546175113	6.9164054349	0	0	1	0	0	0	0	0	0	0	0	0
100404	1.531	-1	1	1	-1	1.5709295035	1.5709295035	1.2309295035	0.1306915547	5.9563540541	8.2750798061	12.482799569	10.702709643	1	1	1	1	0	1	1	1	0	1	1	1
100405	0.648	0	-1	1	0	0.4839238912	0.4839238912	-0.056076109	-0.939921423	10.467404872	5.9683768985	9.3038441268	6.4600263105	1	1	0	0	1	1	1	0	0	0	1	0
100406	0.676	-1	-1	1	-1	0.3900406642	0.3900406642	0.0500406642	1.0378197542	8.7143642476	8.8043892277	10.074977772	9.6568657797	1	1	1	1	1	0	1	0	0	1	0	0
100407	0.542	-1	1	1	-1	-0.002538158	-0.002538158	-0.342538158	0.4285169547	7.4989360944	12.50215402	4.0240903902	9.861466487	1	0	1	0	0	1	1	0	1	1	0	0
100408	-0.895	-1	1	1	-1	-0.640943531	-0.640943531	-0.980943531	-2.780262237	9.5416620339	6.5806319277	9.9121864918	5.8358734139	0	0	0	0	0	0	1	0	0	0	0	0
100409	1.619	-1	1	1	-1	1.7343515173	1.7343515173	1.3943515173	-0.600974613	7.5880945435	12.681581977	15.696865524	13.108359025	1	1	1	1	1	1	1	0	1	0	1	1
100410	-1.332	-2	-1	1	-2	-0.847188571	-0.847188571	-0.987188571	-0.706209672	6.1318887383	6.8730218081	7.4627467068	5.7744268171	0	0	0	0	0	0	0	0	0	0	0	0
100411	0.238	-1	-1	1	-1	0.3624440802	0.3624440802	0.0224440802	-0.136807196	8.5789428801	6.9296614883	8.3314311695	13.528109289	1	1	1	0	1	0	0	0	1	0	0	0
100412	0.301	0	1	1	0	0.5258964495	0.5258964495	-0.014103551	-0.497810177	8.7129996207	9.1874024389	6.2448312213	12.399120234	1	0	1	0	0	0	1	1	0	1	0	0
100413	-0.122	0	1	1	0	-0.219005639	-0.219005639	-0.759005639	1.0157070729	10.460922532	9.6568448481	7.618006698	8.2513435929	0	0	0	0	1	0	0	0	1	0	0	0
100414	-0.426	0	1	1	0	-0.230624335	-0.230624335	-0.770624335	-0.016828959	10.081497133	16.092991433	8.5991861974	10.818280861	0	0	1	0	0	0	1	0	0	0	0	0
100415	-0.264	-2	1	1	-2	0.1818730138	0.1818730138	0.0418730138	0.0442529759	8.3844524594	9.3951859716	13.533758355	6.6944178167	0	0	1	0	0	0	1	0	0	1	0	0
100416	-0.359	-3	-1	1	-3	0.5835873613	0.5835873613	0.6435873613	-0.821682231	10.82231667	10.287247889	8.9364689276	10.403825091	0	1	1	0	0	1	0	0	0	0	0	0
100417	2.095	1	-1	1	1	1.4954287227	1.4954287227	0.7554287227	-0.697317756	11.88990297	8.7720272613	13.195091135	6.6220815638	1	1	1	1	1	1	1	1	1	0	1	1
100418	0.55	0	-1	1	0	0.5089890019	0.5089890019	-0.031010998	-0.929766268	11.245617947	5.7033413576	7.0592997965	10.442775225	0	1	1	0	1	0	0	0	0	1	0	1
100419	-0.341	-2	1	1	-2	0.1598895878	0.1598895878	0.0198895878	-0.97551949	7.497582034	13.484837385	8.3735042514	10.670675905	0	0	0	0	1	0	0	1	0	0	0	0
100420	0.849	1	1	1	1	0.70534566	0.70534566	-0.03465434	1.2460770641	12.087835905	13.906446333	9.627708988	11.557736263	0	1	1	1	0	0	0	1	1	0	1	0
100421	-0.369	-1	-1	1	-1	0.1469972182	0.1469972182	-0.193002782	0.1760077883	14.91427688	7.3800068692	11.308262921	9.5133601702	0	1	1	0	0	0	1	0	0	0	0	0
100422	-0.15	-2	1	1	-2	0.0671213688	0.0671213688	-0.072878631	0.4989572424	12.584855327	11.075002202	13.971781014	10.823996912	0	0	0	0	1	0	1	0	1	0	0	0
100423	1.221	0	1	1	0	0.8865652606	0.8865652606	0.3465652606	-0.623458755	12.860004507	8.5738718805	11.497674563	11.623993849	0	1	0	1	1	0	1	1	1	1	0	1
100424	2.154	0	1	1	0	2.3797822203	2.3797822203	1.8397822203	0.9234378954	10.329451604	12.584424055	11.777629963	8.7626392387	0	1	1	1	1	1	1	1	1	1	1	1
100425	-0.359	-1	-1	1	-1	-0.293775622	-0.293775622	-0.633775622	-0.407052949	7.6667613056	8.7949863803	7.6165705757	7.8262712852	0	1	0	0	0	0	0	0	0	0	1	0
100426	0.939	1	1	1	1	1.1268810853	1.1268810853	0.3868810853	0.5302338932	7.8510615796	12.726934629	14.616240964	13.379978257	1	1	1	0	1	0	1	0	1	0	0	1
100427	0.416	-1	1	1	-1	0.3087013731	0.3087013731	-0.031298627	-0.541369635	12.36627325	12.793084042	13.146161991	8.0327390529	1	1	1	0	0	0	1	1	1	0	0	0
100428	0.199	1	1	1	1	0.1608964479	0.1608964479	-0.579103552	-1.310980255	13.528767938	10.906262082	8.1374204947	7.1471941731	0	1	1	0	0	0	0	0	0	0	1	0
100429	-0.266	-3	1	1	-3	-0.494134559	-0.494134559	-0.434134559	-0.93267421	5.6414350947	13.044129441	8.6150145262	6.585543501	0	0	1	0	0	0	1	0	0	0	0	1
100430	-0.122	-2	1	1	-2	-0.472894854	-0.472894854	-0.612894854	-1.050705809	12.426260001	6.3062143303	5.8150068728	6.9592943133	0	0	1	0	0	0	1	0	0	0	0	1
100431	-1.17	-1	1	1	-1	-1.489879254	-1.489879254	-1.829879254	-0.654789376	9.2693849296	7.9484491964	6.393226937	0.9226752287	0	0	0	0	0	0	0	0	0	0	0	0
100432	0.924	1	1	1	1	0.8431530073	0.8431530073	0.1031530073	-0.913052042	11.175720166	9.1986752939	9.6553634242	5.6649201144	0	1	1	0	1	0	0	0	1	1	0	1
100433	0.493	-1	1	1	-1	0.4944725937	0.4944725937	0.1544725937	-2.264910563	12.025370078	7.5769020758	7.2440110596	5.1296719617	0	1	1	1	0	1	1	0	0	0	0	0
100434	1.289	1	1	1	1	1.7535292624	1.7535292624	1.0135292624	1.6202716102	11.629830284	10.214392259	12.813944137	17.260082819	1	1	1	1	1	0	0	1	0	1	0	1
100435	0.463	-1	1	1	-1	0.3130679351	0.3130679351	-0.026932065	0.896006163	11.876443569	8.1086092286	8.5094454626	8.9320176768	0	0	1	1	1	0	1	1	0	0	0	0
100436	0.093	-2	1	1	-2	1.1461431697	1.1461431697	1.0061431697	-0.412657428	11.025242876	12.118533122	9.5367570091	7.0985718588	0	0	1	0	0	1	1	0	1	0	0	0
100437	-0.035	-1	1	1	-1	-0.236761799	-0.236761799	-0.576761799	0.3019571611	8.7691799832	9.386371793	11.227535111	11.394303953	1	0	1	0	0	0	0	0	0	0	1	0
100438	2.433	0	1	1	0	1.9527253758	1.9527253758	1.4127253758	2.6004496342	13.764665234	11.749360858	6.7413449741	19.541623516	1	1	1	1	1	1	1	1	1	1	1	1
100439	-1.124	-3	-1	1	-3	-0.396547386	-0.396547386	-0.336547386	-0.099842892	10.421748363	-0.152158373	7.6182478861	5.9232949341	0	0	1	0	0	0	0	0	0	0	0	0
100440	0.679	-1	1	1	-1	0.628355253	0.628355253	0.288355253	-0.16903484	11.492629309	10.848534338	10.750297386	5.8842361927	0	0	1	0	0	1	1	1	1	0	0	1
100441	-0.596	-2	-1	1	-2	-0.282254561	-0.282254561	-0.422254561	0.9279713152	7.7708449302	5.8431104427	7.9860141054	3.2730836458	1	0	0	0	1	0	0	0	0	0	0	0
100442	1.04	-2	-1	1	-2	0.4591803876	0.4591803876	0.3191803876	0.7509996354	6.8494021657	3.3494667039	3.6250857725	8.4561028908	0	1	1	1	1	1	0	1	1	0	1	0
100443	1.184	0	-1	1	0	1.6185300329	1.6185300329	1.0785300329	-0.333996214	10.277854087	10.353110304	13.641694199	4.6547816732	1	1	0	0	1	1	1	0	0	1	1	1
100444	-0.408	-1	1	1	-1	0.255002446	0.255002446	-0.084997554	0.0566506499	9.1856075878	7.9963305275	6.8330015994	10.745651549	0	0	1	0	0	0	0	1	0	0	0	0
100445	-0.987	-2	1	1	-2	-0.357095941	-0.357095941	-0.497095941	0.0118585835	8.0072335282	8.1705853279	11.155518298	3.8720496141	1	0	0	0	0	0	0	0	0	0	0	0
100446	-0.25	0	-1	1	0	-0.147453935	-0.147453935	-0.687453935	-0.479804841	11.283820755	8.0329397367	7.080760332	7.6137934953	1	0	0	0	1	0	1	0	0	0	0	0
100447	-1.428	-3	1	1	-3	-0.287563919	-0.287563919	-0.227563919	-0.097806751	7.1431705912	13.149353567	10.516986914	8.4080764457	0	0	0	0	0	0	0	0	0	0	0	0
100448	1.587	1	1	1	1	1.6023653611	1.6023653611	0.8623653611	0.1319965211	13.295940863	10.217514811	11.282183891	10.710198404	0	0	0	1	1	1	0	1	1	1	1	1
100449	-0.739	0	-1	1	0	-0.362483966	-0.362483966	-0.902483966	0.47390087	9.9377993649	6.9277755874	11.605166399	7.6675850072	0	0	0	0	0	0	0	0	0	1	0	0
100450	-0.229	-3	1	1	-3	-0.028732367	-0.028732367	0.031267633	1.4262007316	7.8903581659	6.8551430743	9.9676406583	9.4529177705	0	0	1	0	1	0	0	1	0	0	0	0
100451	0.125	-2	-1	1	-2	0.059575394	0.059575394	-0.080424606	-1.020091007	7.2182442997	9.1253464964	9.3238163455	8.6142243865	0	0	0	1	1	0	0	1	0	1	0	0
100452	-0.199	-3	-1	1	-3	0.6655104509	0.6655104509	0.7255104509	0.8052777707	11.700929093	5.82458303	12.430379028	13.56402534	0	1	1	0	0	0	0	0	1	1	0	0
100453	1.177	-1	-1	1	-1	1.3294836372	1.3294836372	0.9894836372	-0.536373485	12.445163866	11.855610105	5.97751085	7.0677708911	1	1	1	0	1	1	1	0	1	1	0	1
100454	-1.037	1	1	1	1	-1.120855884	-1.120855884	-1.860855884	-1.527743672	8.8820679482	10.666616932	8.9545058473	10.345309543	0	0	0	0	0	0	0	0	0	0	0	0
100455	1.171	1	1	1	1	1.3015922658	1.3015922658	0.5615922658	-0.053073212	9.7747760716	13.24424135	11.473650838	12.700643142	1	0	1	1	1	0	1	1	0	1	1	0
100456	-0.368	-1	-1	1	-1	0.4615421765	0.4615421765	0.1215421765	0.7230184838	10.791573203	8.6073659304	7.383806772	11.294064075	0	1	0	0	1	0	0	0	0	0	0	0
100457	0.443	0	1	1	0	0.427010678	0.427010678	-0.112989322	0.2941888402	14.562662387	8.5995379307	8.1237046822	11.677659139	0	0	1	1	0	0	0	0	1	0	1	0
100458	0.128	-1	1	1	-1	-0.260230566	-0.260230566	-0.600230566	-1.671665322	13.530479294	9.8462144593	8.4801266504	3.8726266054	0	0	1	0	0	0	0	0	0	1	0	1
100459	2.103	2	-1	1	2	1.6828450094	1.6828450094	0.7428450094	0.5370305146	11.12509862	13.740518513	9.6220940498	10.966409771	1	1	1	0	1	1	1	1	1	1	1	1
100460	-0.215	1	1	1	1	-0.277927529	-0.277927529	-1.017927529	-0.80130943	12.845399035	9.9278304478	9.0358338531	7.8726775375	0	1	1	0	0	0	0	0	0	0	0	0
100461	1.516	-1	1	1	-1	1.5650504896	1.5650504896	1.2250504896	0.9978286571	8.466469764	11.389466681	6.6193060564	10.520845557	1	1	1	1	1	1	1	0	1	1	1	0
100462	-0.723	-2	-1	1	-2	-1.308034569	-1.308034569	-1.448034569	-1.067084881	9.9006960344	0.6619019642	6.4290461501	4.565998787	1	1	0	0	0	0	0	0	0	0	0	0
100463	0.872	1	-1	1	1	1.0626545778	1.0626545778	0.3226545778	1.2227027238	16.320080257	8.8923337421	13.400653412	7.1126826891	1	1	1	0	1	0	0	1	0	1	1	0
100464	1.114	0	1	1	0	0.7959310724	0.7959310724	0.2559310724	-0.238724332	10.514086143	13.229153656	10.591450823	12.197531826	1	1	1	1	1	0	1	0	1	0	1	0
100465	0.812	0	-1	1	0	1.0321601288	1.0321601288	0.4921601288	-0.477418803	10.889131465	9.2620449243	10.709522435	6.8993098254	1	1	1	0	1	0	0	1	0	1	1	0
100466	1.375	0	-1	1	0	1.2768247035	1.2768247035	0.7368247035	0.121268838	12.928593619	11.191388885	9.2306591552	8.4232852093	0	1	1	1	1	0	1	1	1	0	1	1
100467	-0.865	0	1	1	0	-0.179935517	-0.179935517	-0.719935517	-0.712761385	10.031308994	7.7101434992	12.762387646	10.357195935	0	0	0	0	0	0	1	0	0	0	0	0
100468	-0.194	-1	1	1	-1	0.0547765287	0.0547765287	-0.285223471	0.4816953812	10.386974141	6.9534530595	7.1541751619	6.5058722065	1	0	1	0	0	0	0	1	0	0	0	0
100469	1.023	-1	-1	1	-1	0.8228790753	0.8228790753	0.4828790753	1.0810548437	14.235610045	6.2131777904	5.2855240467	10.22501329	1	1	1	1	1	1	1	0	0	0	1	0
100470	-0.338	-2	1	1	-2	-0.047603168	-0.047603168	-0.187603168	0.8271803495	9.9298006558	12.859448592	6.9344653695	8.4643937997	0	0	1	1	0	0	0	0	0	0	0	0
100471	0.908	0	-1	1	0	1.3480925351	1.3480925351	0.8080925351	-0.500602434	7.0036054512	10.59266579	9.1382062628	6.7635404988	0	1	1	1	1	0	1	0	0	1	1	0
100472	-1.259	-1	-1	1	-1	-0.90828083	-0.90828083	-1.24828083	-1.242148771	8.3713093034	7.9341892328	7.7349299613	2.015839737	0	0	0	0	0	0	0	0	0	0	0	0
100473	0.456	-2	-1	1	-2	0.984811179	0.984811179	0.844811179	-2.140139547	11.387641051	6.5512949424	6.1155520248	5.5713673297	0	1	0	0	1	0	1	1	1	0	0	1
100474	1.393	0	1	1	0	1.2434255733	1.2434255733	0.7034255733	-0.67544959	10.91540205	12.871201467	13.409845703	10.862186376	0	1	1	1	0	0	1	1	1	1	1	1
100475	-1.359	-2	-1	1	-2	-0.122306138	-0.122306138	-0.262306138	0.1788250673	8.7892889989	7.7216822405	7.4197562195	0.5797634413	0	0	0	0	0	0	0	0	0	0	0	0
100476	-0.834	-2	1	1	-2	-0.15900249	-0.15900249	-0.29900249	-0.360587617	10.735717954	8.9280300576	6.4400862007	9.3552324577	0	0	1	0	0	0	0	0	0	0	0	0
100477	-1.034	2	1	1	2	-1.783849646	-1.783849646	-2.723849646	-0.132300873	9.86686981	7.1328426099	9.1323740251	11.007760566	0	0	0	0	0	0	0	0	0	0	0	0
100478	-0.197	-1	1	1	-1	0.293494042	0.293494042	-0.046505958	-0.246501291	11.503646887	10.875715013	8.3727028133	16.112742651	0	0	0	0	0	0	1	1	1	0	0	0
100479	-1.216	-1	1	1	-1	-1.016080655	-1.016080655	-1.356080655	-0.384549006	10.390385051	7.8514556383	6.371844868	6.8899127369	0	0	0	0	0	0	0	0	0	0	0	0
100480	-0.217	-1	1	1	-1	0.2272489341	0.2272489341	-0.112751066	0.1013795746	12.381172413	8.7908655128	9.3998395522	9.2154709152	0	0	1	0	0	0	1	1	0	0	0	0
100481	-0.912	-2	-1	1	-2	-0.872269885	-0.872269885	-1.012269885	0.0536634269	7.4163393535	0.7561711596	5.403934485	5.8150135807	0	1	0	0	0	0	0	0	0	0	0	0
100482	1.495	-1	-1	1	-1	0.9116352129	0.9116352129	0.5716352129	-0.305248583	14.11190413	5.9075218803	6.4295576416	9.8202241846	0	1	1	1	1	1	1	1	1	1	1	0
100483	-0.605	0	1	1	0	-0.444119019	-0.444119019	-0.984119019	0.4549748191	6.7456974086	10.458576961	6.231334882	10.817196585	0	1	0	0	0	0	0	0	0	0	0	0
100484	-0.41	-2	1	1	-2	0.4248424256	0.4248424256	0.2848424256	-0.355205453	11.149573353	10.061830429	7.6101329414	10.445353953	1	0	1	0	0	0	1	0	0	0	0	0
100485	-0.616	-1	1	1	-1	-0.79016118	-0.79016118	-1.13016118	-1.492340342	8.4317166037	10.337760811	8.6477131836	9.927824137	1	0	0	0	0	0	1	0	0	0	0	0
100486	-0.615	-3	-1	1	-3	-0.213699336	-0.213699336	-0.153699336	-0.172725648	7.9133373379	7.8117575375	8.5533575494	2.3473556474	0	0	0	0	1	0	0	0	1	0	0	0
100487	2.705	1	1	1	1	2.5138065726	2.5138065726	1.7738065726	1.6159497494	15.051165384	14.142462822	9.8413252103	15.741840398	1	1	1	1	1	1	1	1	1	1	1	1
100488	1.322	0	1	1	0	0.8647122599	0.8647122599	0.3247122599	-0.573230038	7.9894131097	7.5790170528	10.06247636	8.645119058	1	0	1	1	1	0	0	0	1	1	1	1
100489	-1.638	-4	1	1	-4	-0.573577362	-0.573577362	-0.313577362	1.5208818943	6.3072711219	6.0972263026	11.017549445	10.111583724	0	0	0	0	0	0	0	0	0	0	0	0
100490	-0.733	-1	1	1	-1	0.4673418837	0.4673418837	0.1273418837	0.061429157	12.156290959	7.2555438569	5.4210071916	13.562824051	0	0	1	0	0	0	0	0	0	0	0	0
100491	-1.083	0	1	1	0	-1.163253356	-1.163253356	-1.703253356	-1.923562228	3.9183616727	7.0428885351	13.466546261	9.5262229227	0	0	0	0	0	0	0	0	0	0	0	0
100492	1.301	-1	1	1	-1	1.2988318438	1.2988318438	0.9588318438	0.7503382102	9.178056058	6.3515145202	10.471071651	9.8263502798	0	1	1	1	1	0	1	1	1	1	0	1
100493	-0.07	0	1	1	0	-0.993868259	-0.993868259	-1.533868259	-2.569078625	10.184509623	10.564139653	10.801885823	2.082126527	1	1	1	0	0	0	0	0	0	0	0	0
100494	0.259	0	1	1	0	0.5788228147	0.5788228147	0.0388228147	0.0843125735	8.8110353863	7.865782722	10.186329917	13.98829473	1	0	1	0	0	1	0	1	0	0	0	0
100495	-0.758	0	1	1	0	-0.514093224	-0.514093224	-1.054093224	-0.021080766	4.7607511984	9.4984291986	6.0613873944	11.753097959	1	0	0	0	0	0	0	0	0	0	0	0
100496	0.67	-1	-1	1	-1	0.4633618392	0.4633618392	0.1233618392	0.4462486166	16.531078539	7.7453501824	7.1165263979	8.4390128556	1	1	1	0	1	0	0	0	0	0	1	1
100497	0.229	0	-1	1	0	0.62691519	0.62691519	0.08691519	-1.424618803	12.650821351	10.396245224	14.928961298	5.5350319594	1	1	0	0	1	0	0	0	0	0	1	0
100498	0.11	-2	1	1	-2	0.4491042375	0.4491042375	0.3091042375	2.4118739565	9.7813664976	11.740898553	7.8878655983	12.437197571	0	0	0	0	0	0	1	1	0	1	1	0
100499	-0.238	-2	1	1	-2	0.5632925405	0.5632925405	0.4232925405	-1.599550359	8.5288309878	8.1757415219	9.360910749	7.9272388937	1	0	1	0	0	0	0	0	0	1	0	0
100500	-0.959	1	1	1	1	-0.683145616	-0.683145616	-1.423145616	-1.615756782	7.6719103253	11.122437435	8.2876428229	11.393788807	0	0	0	0	0	0	0	0	0	0	0	0
